14.0 4.0 0.0
15.0 4.0 0.0
16.0 4.0 0.0
17.0 4.0 0.0
18.0 4.0 0.0
19.0 4.0 0.0
20.0 4.0 0.0
21.0 4.0 0.0
21.958851077208408 4.2448348762192545 0.5
22.682941969615793 4.9193953882637205 1.0
22.99498997320811 5.858525596664594 1.5
22.999317062302975 6.858407074573906 1.5715926525798345
22.9985207366022 7.858406757506545 1.5715926525798345
22.997724410901426 8.858406440439184 1.5715926525798345
22.99692808520065 9.858406123371823 1.5715926525798345
22.815411131177065 10.83229274992869 1.9999980975922145
22.19376203057648 11.602287490559753 2.4999980975922145
21.279058477025117 11.979986992806623 2.9999980975922145
21.0 12.0 3.14
20.00000000134713 12.00000152386917 3.1415936695025706
19.000000001347644 12.000000507956393 3.1415936695025706
18.00000000134816 11.999999492043615 3.1415936695025706
17.000000001348674 11.999998476130838 3.1415936695025706
16.0000000026958 11.999999999995712 3.1400000013478997
16.0 12.0 3.14
15.04076020189634 11.756692551262669 3.64
14.315595887066637 11.083286120216316 4.140000000000001
14.00205257077084 10.144654087051428 4.640000000000001
13.99726969130061 9.144780618398848 4.712921334012835
13.997802044903612 8.144780760099035 4.712921334012835
13.99833439850661 7.144780901799225 4.712921334012835
13.99886675210961 6.144781043499415 4.712921334012835
13.99939910571261 5.144781185199604 4.712921334012835
13.999931459315611 4.1447813268997935 4.712921334012835
