5.0 2.0 0.0
5.997769408015456 2.065193392207637 0.07016852106653904
6.995308607260662 2.135304346909698 0.07016852106653904
7.992847806505867 2.205415301611759 0.07016852106653904
8.990387005751073 2.27552625631382 0.07016852106653904
9.987926204996278 2.345637211015881 0.07016852106653904
10.985465404241484 2.4157481657179427 0.07016852106653904
11.983004603486688 2.485859120420004 0.07016852106653904
12.980543802731894 2.555970075122065 0.07016852106653904
13.9780830019771 2.626081029824126 0.07016852106653904
14.975626456480597 2.6961290593727667 0.062226923062963735
15.1 2.7 0.0
16.058851077208406 2.9448348762192547 0.5
16.78294196961579 3.6193953882637206 1.0
17.094989973208108 4.558525596664595 1.5
16.92100922712415 5.533300551364183 1.9488521403792278
16.551894954756598 6.462684569913336 1.9488521403792278
16.18278068238905 7.39206858846249 1.9488521403792278
15.753362571199887 8.291222045620056 2.208820848731871
14.985592041158881 8.91561608633279 2.708820848731871
14.15 9.1 3.14