7.7 -3.0 0.2619782538276378
7.797334167177493 -2.9771350680001865 0.19947825382763779
7.895734842961763 -2.959339995377764 0.1735179649965325
7.994233192134225 -2.942075140605724 0.1735179649965325
8.092731541306687 -2.9248102858336837 0.1735179649965325
8.19122989047915 -2.9075454310616435 0.1735179649965325
8.289728239651613 -2.8902805762896033 0.1735179649965325
8.388226588824075 -2.873015721517563 0.1735179649965325
8.486724937996538 -2.855750866745523 0.1735179649965325
8.585223287169 -2.8384860119734827 0.1735179649965325
8.683721636341463 -2.8212211572014425 0.1735179649965325
8.782219985513926 -2.8039563024294023 0.1735179649965325
8.880718334686389 -2.786691447657362 0.1735179649965325
8.979216683858851 -2.769426592885322 0.1735179649965325
9.077715033031314 -2.7521617381132817 0.1735179649965325
9.176213382203777 -2.7348968833412415 0.1735179649965325
9.27471173137624 -2.7176320285692013 0.1735179649965325
9.373210080548702 -2.700367173797161 0.1735179649965325
9.471708429721165 -2.683102319025121 0.1735179649965325
9.570206778893628 -2.6658374642530807 0.1735179649965325
9.66870512806609 -2.6485726094810405 0.1735179649965325
9.767203477238551 -2.6313077547090002 0.1735179649965325
9.865701826411014 -2.61404289993696 0.1735179649965325
9.964200175583478 -2.59677804516492 0.1735179649965325
10.06269852475594 -2.5795131903928796 0.1735179649965325
10.161196873928404 -2.5622483356208394 0.1735179649965325
10.259695223100866 -2.544983480848799 0.1735179649965325
10.35819357227333 -2.527718626076759 0.1735179649965325
10.456691921445792 -2.510453771304719 0.1735179649965325
10.555190270618255 -2.4931889165326786 0.1735179649965325
10.653688619790715 -2.4759240617606384 0.1735179649965325
10.75218696896318 -2.458659206988598 0.1735179649965325
10.850685318135643 -2.441394352216558 0.1735179649965325
10.949183667308105 -2.4241294974445178 0.1735179649965325
11.047682016480568 -2.4068646426724776 0.1735179649965325
11.146180365653029 -2.3895997879004374 0.1735179649965325
11.244678714825492 -2.372334933128397 0.1735179649965325
11.343177063997954 -2.355070078356357 0.1735179649965325
11.441675413170419 -2.3378052235843167 0.1735179649965325
11.540173762342882 -2.3205403688122765 0.1735179649965325
11.638672111515342 -2.3032755140402363 0.1735179649965325
11.737170460687803 -2.286010659268196 0.1735179649965325
11.835668809860266 -2.268745804496156 0.1735179649965325
11.934167159032729 -2.2514809497241157 0.1735179649965325
12.032665508205191 -2.234216094952076 0.1735179649965325
12.131163857377654 -2.2169512401800358 0.1735179649965325
12.229662206550117 -2.1996863854079955 0.1735179649965325
12.32816055572258 -2.1824215306359553 0.1735179649965325
12.426658904895039 -2.165156675863915 0.1735179649965325
12.525157254067501 -2.147891821091875 0.1735179649965325
12.623655603239964 -2.130626966319835 0.1735179649965325
12.722153952412427 -2.113362111547795 0.1735179649965325
12.82065230158489 -2.0960972567757548 0.1735179649965325
12.919150650757352 -2.0788324020037146 0.1735179649965325
13.017648999929815 -2.0615675472316743 0.1735179649965325
13.116147349102276 -2.044302692459634 0.1735179649965325
13.214645698274737 -2.0270378376875944 0.1735179649965325
13.3131440474472 -2.009772982915554 0.1735179649965325
13.411642396619662 -1.992508128143514 0.1735179649965325
13.510140745792125 -1.9752432733714738 0.1735179649965325
13.608639094964587 -1.9579784185994336 0.1735179649965325
13.70713744413705 -1.9407135638273936 0.1735179649965325
13.805635793309511 -1.9234487090553534 0.1735179649965325
13.904134142481974 -1.9061838542833132 0.1735179649965325
14.002632491654435 -1.8889189995112732 0.1735179649965325
14.1011308408269 -1.871654144739233 0.1735179649965325
14.19962918999936 -1.854389289967193 0.1735179649965325
14.298127539171823 -1.8371244351951528 0.1735179649965325
14.396625888344285 -1.8198595804231126 0.1735179649965325
14.495124237516748 -1.8025947256510724 0.1735179649965325
14.593622586689209 -1.7853298708790324 0.1735179649965325
14.69212093586167 -1.7680650161069922 0.1735179649965325
14.790619285034133 -1.750800161334952 0.1735179649965325
14.889117634206595 -1.7335353065629118 0.1735179649965325
14.987615983379058 -1.716270451790872 0.1735179649965325
15.08611433255152 -1.6990055970188316 0.1735179649965325
15.184612681723983 -1.6817407422467916 0.1735179649965325
15.283111030896446 -1.6644758874747512 0.1735179649965325
15.381609380068905 -1.6472110327027112 0.1735179649965325
15.480107729241368 -1.6299461779306712 0.1735179649965325
15.57860607841383 -1.6126813231586308 0.1735179649965325
15.677104427586293 -1.5954164683865908 0.1735179649965325
15.775602776758756 -1.5781516136145508 0.1735179649965325
15.874101125931219 -1.5608867588425106 0.1735179649965325
15.972599475103681 -1.5436219040704704 0.1735179649965325
16.071097824276144 -1.5263570492984302 0.1735179649965325
16.169596173448603 -1.5090921945263904 0.1735179649965325
16.268094522621066 -1.49182733975435 0.1735179649965325
16.36659287179353 -1.47456248498231 0.1735179649965325
16.46509122096599 -1.4572976302102696 0.1735179649965325
16.563589570138454 -1.4400327754382296 0.1735179649965325
16.662087919310917 -1.4227679206661896 0.1735179649965325
16.76058626848338 -1.4055030658941492 0.1735179649965325
16.859084617655842 -1.388238211122109 0.1735179649965325
16.9575829668283 -1.370973356350069 0.1735179649965325
17.056081316000764 -1.353708501578029 0.1735179649965325
17.154579665173227 -1.3364436468059893 0.1735179649965325
17.25307801434569 -1.3191787920339486 0.1735179649965325
17.351576363518152 -1.3019139372619086 0.1735179649965325
17.450074712690615 -1.2846490824898686 0.1735179649965325
17.548573061863078 -1.267384227717828 0.1735179649965325
17.64707141103554 -1.250119372945788 0.1735179649965325
17.745569760208 -1.232854518173748 0.1735179649965325
17.844068109380462 -1.2155896634017083 0.1735179649965325
17.942566458552925 -1.1983248086296676 0.1735179649965325
18.041064807725387 -1.1810599538576276 0.1735179649965325
18.13956315689785 -1.1637950990855876 0.1735179649965325
18.238061506070313 -1.1465302443135477 0.1735179649965325
18.336559855242776 -1.129265389541507 0.1735179649965325
18.43505820441524 -1.112000534769467 0.1735179649965325
18.533556553587697 -1.0947356799974273 0.1735179649965325
18.63205490276016 -1.0774708252253866 0.1735179649965325
18.730553251932623 -1.0602059704533466 0.1735179649965325
18.829051601105085 -1.0429411156813067 0.1735179649965325
18.927549950277548 -1.0256762609092667 0.1735179649965325
19.02604829945001 -1.008411406137226 0.1735179649965325
19.124546648622474 -0.991146551365186 0.1735179649965325
19.223044997794936 -0.9738816965931463 0.1735179649965325
19.321543346967395 -0.9566168418211061 0.1735179649965325
19.420041696139858 -0.9393519870490654 0.1735179649965325
19.51854004531232 -0.9220871322770257 0.1735179649965325
19.617038394484783 -0.9048222775049859 0.1735179649965325
19.715536743657246 -0.8875574227329457 0.1735179649965325
19.81403509282971 -0.870292567960905 0.1735179649965325
19.91253344200217 -0.8530277131888653 0.1735179649965325
20.011031791174634 -0.8357628584168246 0.1735179649965325
20.10916485540551 -0.8165977421602464 0.22270106895923958
20.205941837282857 -0.7914788051962014 0.2852010689592396
20.300960951470916 -0.7603642884169006 0.3477010689592396
20.393851150362202 -0.7233756933445101 0.4102010689592387
20.484249699717918 -0.6806574596512238 0.4727010689592378
20.57180359513738 -0.6323764011254349 0.5352010689592378
20.65617094053264 -0.5787210542674632 0.5977010689592378
20.737022283225407 -0.5199009420585536 0.6602010689592378
20.814041900452704 -0.45614575577812033 0.7227010689592378
20.886929032257495 -0.3877044580642157 0.785201068959236
20.955399055949876 -0.31484431071975294 0.847701068959236
21.019184597552606 -0.23784983106089097 0.910201068959236
21.078036575890746 -0.1570216808830014 0.972701068959236
21.13172517524833 -0.07267549238279036 1.035201068959236
21.180040742793814 0.0148593643786743 1.097701068959236
21.222794607269893 0.10524106765900232 1.160201068959236
21.259819815750735 0.1981166788410702 1.222701068959236
21.290971785589562 0.2931235206507661 1.2852010689592341
21.316128869010818 0.38989059340399335 1.3477010689592341
21.33519282814211 0.48804002375248245 1.4102010689592341
21.348089218630992 0.5871885402711401 1.4727010689592341
21.353637797281007 0.6610988590375243 1.5190291475158384
21.361928633218675 0.7607382451002005 1.4565291475158384
21.376426689471597 0.8596652463707307 1.3940291475158384
21.39492147628642 0.9579398366222902 1.3839671102734492
21.413495899087323 1.0561996494534438 1.3839671102734492
21.432070321888222 1.1544594622845974 1.3839671102734492
21.450644744689125 1.252719275115751 1.3839671102734492
21.469219167490028 1.3509790879469046 1.3839671102734492
21.48779359029093 1.4492389007780582 1.3839671102734492
21.50636801309183 1.5474987136092113 1.3839671102734492
21.524942435892733 1.6457585264403651 1.3839671102734492
21.543516858693636 1.7440183392715185 1.3839671102734492
21.56209128149454 1.842278152102672 1.3839671102734492
21.58066570429544 1.9405379649338261 1.3839671102734492
21.59924012709634 2.0387977777649797 1.3839671102734492
21.617814549897243 2.1370575905961333 1.3839671102734492
21.636388972698146 2.235317403427287 1.3839671102734492
21.65496339549905 2.3335772162584405 1.3839671102734492
21.67353781829995 2.431837029089594 1.3839671102734492
21.69211224110085 2.530096841920748 1.3839671102734492
21.710686663901754 2.6283566547519017 1.3839671102734492
21.729261086702657 2.7266164675830553 1.3839671102734492
21.747835509503556 2.824876280414208 1.3839671102734492
21.76640993230446 2.9231360932453625 1.3839671102734492
21.78498435510536 3.021395906076516 1.3839671102734492
21.803558777906265 3.1196557189076692 1.3839671102734492
21.822133200707167 3.217915531738823 1.3839671102734492
21.840707623508067 3.3161753445699773 1.3839671102734492
21.85928204630897 3.4144351574011305 1.3839671102734492
21.877856469109872 3.512694970232284 1.3839671102734492
21.896430891910775 3.6109547830634376 1.3839671102734492
21.915005314711674 3.7092145958945912 1.3839671102734492
21.933579737512577 3.8074744087257453 1.3839671102734492
21.95215416031348 3.905734221556899 1.3839671102734492
21.970728583114383 4.003994034388053 1.3839671102734492
21.989303005915282 4.102253847219206 1.3839671102734492
22.007877428716185 4.200513660050359 1.3839671102734492
22.026451851517088 4.298773472881513 1.3839671102734492
22.04502627431799 4.397033285712667 1.3839671102734492
22.063600697118893 4.495293098543821 1.3839671102734492
22.082175119919793 4.5935529113749745 1.3839671102734492
22.100749542720695 4.691812724206128 1.3839671102734492
22.1193239655216 4.790072537037281 1.3839671102734492
22.1378983883225 4.888332349868434 1.3839671102734492
22.1564728111234 4.986592162699587 1.3839671102734492
22.175047233924303 5.08485197553074 1.3839671102734492
22.193621656725206 5.183111788361893 1.3839671102734492
22.21219607952611 5.281371601193047 1.3839671102734492
22.230770502327008 5.3796314140242005 1.3839671102734492
22.24934492512791 5.477891226855354 1.3839671102734492
22.267919347928814 5.576151039686506 1.3839671102734492
22.286493770729717 5.67441085251766 1.3839671102734492
22.305068193530616 5.772670665348813 1.3839671102734492
22.32364261633152 5.870930478179966 1.3839671102734492
22.34221703913242 5.969190291011119 1.3839671102734492
22.360791461933324 6.0674501038422735 1.3839671102734492
22.379365884734224 6.165709916673426 1.3839671102734492
22.397940307535126 6.263969729504579 1.3839671102734492
22.41651473033603 6.362229542335732 1.3839671102734492
22.43508915313693 6.460489355166886 1.3839671102734492
22.45366357593783 6.558749167998039 1.3839671102734492
22.472237998738734 6.657008980829192 1.3839671102734492
22.490812421539637 6.7552687936603455 1.3839671102734492
22.50938684434054 6.853528606491499 1.3839671102734492
22.52796126714144 6.951788419322652 1.3839671102734492
22.546535689942342 7.050048232153805 1.3839671102734492
22.565110112743245 7.148308044984957 1.3839671102734492
22.583684535544144 7.246567857816111 1.3839671102734492
22.602258958345047 7.344827670647264 1.3839671102734492
22.62083338114595 7.443087483478418 1.3839671102734492
22.639407803946852 7.541347296309571 1.3839671102734492
22.657982226747755 7.639607109140725 1.3839671102734492
22.676556649548655 7.737866921971878 1.3839671102734492
22.695131072349557 7.83612673480303 1.3839671102734492
22.71370549515046 7.934386547634182 1.3839671102734492
22.73227991795136 8.032646360465336 1.3839671102734492
22.750854340752262 8.13090617329649 1.3839671102734492
22.769428763553165 8.229165986127644 1.3839671102734492
22.788003186354068 8.327425798958796 1.3839671102734492
22.806577609154967 8.42568561178995 1.3839671102734492
22.82515203195587 8.523945424621102 1.3839671102734492
22.843726454756773 8.622205237452256 1.3839671102734492
22.862300877557676 8.720465050283408 1.3839671102734492
22.880875300358575 8.818724863114562 1.3839671102734492
22.899449723159478 8.916984675945717 1.3839671102734492
22.91802414596038 9.01524448877687 1.3839671102734492
22.936598568761283 9.113504301608023 1.3839671102734492
22.955172991562183 9.211764114439175 1.3839671102734492
22.973747414363086 9.31002392727033 1.3839671102734492
22.99232183716399 9.408283740101481 1.3839671102734492
23.01089625996489 9.506543552932634 1.3839671102734492
23.02947068276579 9.604803365763788 1.3839671102734492
23.048045105566693 9.703063178594942 1.3839671102734492
23.066619528367596 9.801322991426096 1.3839671102734492
23.0851939511685 9.899582804257248 1.3839671102734492
23.103768373969398 9.997842617088402 1.3839671102734492
23.1223427967703 10.096102429919554 1.3839671102734492
23.140917219571204 10.194362242750708 1.3839671102734492
23.159491642372107 10.29262205558186 1.3839671102734492
23.178066065173006 10.390881868413015 1.3839671102734492
23.19664048797391 10.489141681244167 1.3839671102734492
23.21521491077481 10.587401494075321 1.3839671102734492
23.233789333575714 10.685661306906473 1.3839671102734492
23.252363756376614 10.783921119737627 1.3839671102734492
23.270938179177517 10.882180932568781 1.3839671102734492
23.28951260197842 10.980440745399934 1.3839671102734492
23.308087024779322 11.078700558231086 1.3839671102734492
23.32666144758022 11.17696037106224 1.3839671102734492
23.345235870381124 11.275220183893394 1.3839671102734492
23.363810293182027 11.373479996724548 1.3839671102734492
23.38238471598293 11.4717398095557 1.3839671102734492
23.40095913878383 11.569999622386854 1.3839671102734492
23.419533561584732 11.668259435218006 1.3839671102734492
23.438107984385635 11.76651924804916 1.3839671102734492
23.456682407186534 11.864779060880311 1.3839671102734492
23.475256829987437 11.963038873711465 1.3839671102734492
23.49383125278834 12.061298686542619 1.3839671102734492
23.512405675589243 12.159558499373773 1.3839671102734492
23.530980098390145 12.257818312204925 1.3839671102734492
23.549554521191045 12.35607812503608 1.3839671102734492
23.568128943991947 12.454337937867232 1.3839671102734492
23.58670336679285 12.552597750698386 1.3839671102734492
23.60527778959375 12.650857563529538 1.3839671102734492
23.623852212394652 12.749117376360692 1.3839671102734492
23.642426635195555 12.847377189191846 1.3839671102734492
23.661001057996458 12.945637002023 1.3839671102734492
23.67957548079736 13.043896814854152 1.3839671102734492
23.69814990359826 13.142156627685305 1.3839671102734492
23.716724326399163 13.240416440516457 1.3839671102734492
23.735298749200066 13.338676253347609 1.3839671102734492
23.753873172000965 13.436936066178763 1.3839671102734492
23.772447594801868 13.535195879009915 1.3839671102734492
23.79102201760277 13.63345569184107 1.3839671102734492
23.809596440403674 13.731715504672225 1.3839671102734492
23.828170863204576 13.829975317503377 1.3839671102734492
23.846745286005476 13.928235130334528 1.3839671102734492
23.86531970880638 14.026494943165682 1.3839671102734492
23.88389413160728 14.124754755996834 1.3839671102734492
23.90246855440818 14.223014568827988 1.3839671102734492
23.921042977209083 14.321274381659142 1.3839671102734492
23.939617400009986 14.419534194490296 1.3839671102734492
23.95819182281089 14.51779400732145 1.3839671102734492
23.976766245611792 14.616053820152603 1.3839671102734492
23.99534066841269 14.714313632983755 1.3839671102734492
24.013915091213594 14.812573445814907 1.3839671102734492
24.032489514014497 14.910833258646061 1.3839671102734492
24.051063936815396 15.009093071477215 1.3839671102734492
24.0696383596163 15.10735288430837 1.3839671102734492
24.0882127824172 15.205612697139523 1.3839671102734492
24.106787205218104 15.303872509970676 1.3839671102734492
24.125361628019007 15.40213232280183 1.3839671102734492
24.143936050819907 15.50039213563298 1.3839671102734492
24.16251047362081 15.598651948464134 1.3839671102734492
24.181084896421712 15.696911761295288 1.3839671102734492
24.19908353066198 15.795275050959665 1.4110093142575995
24.211899780624925 15.894433958539267 1.4735093142575995
24.218497609271534 15.994199753642809 1.5360093142575995
24.218851252222137 16.094182852975422 1.5985093142575995
24.212959328508582 16.193992824673877 1.6610093142575995
24.200844845966877 16.293239912934638 1.7235093142575977
24.182555111392105 16.391536560001953 1.7860093142575977
24.158161545806365 16.488498919572596 1.8485093142575977
24.127759405561253 16.583748355707456 1.9110093142575995
24.091467410363805 16.676912921396784 1.9735093142575995
24.049427279678614 16.767628811005306 2.0360093142576012
24.001803179316344 16.855541780925428 2.0985093142576012
23.948781080369734 16.940308532890977 2.161009314257603
23.8905680330005 17.02159805454955 2.223509314257603
23.827391357912834 17.09909291205868 2.286009314257605
23.75949775867097 17.172490489658202 2.348509314257605
23.68715235832701 17.24150417137831 2.4110093142576066
23.61063766412109 17.305864460268797 2.4735093142576066
23.530252464296648 17.365320030778868 2.5360093142576083
23.446310661338753 17.419638710178038 2.5985093142576083
23.35914004619157 17.468608385185686 2.66100931425761
23.269081018241792 17.51203783026887 2.72350931425761
23.17648525606627 17.54975745437394 2.786009314257612
23.081714344134745 17.581619963175964 2.848509314257612
22.98513836083018 17.607500934259942 2.9110093142576137
22.88713443330065 17.627299302987648 2.9735093142576137
22.78808526478584 17.640937757152894 3.0360093142576154
22.688377640169133 17.648363038884018 3.0985093142576154
22.588400915590892 17.64954615261477 3.161009314257617
22.488545498021082 17.644482478311357 3.223509314257617
22.38920132072838 17.633191789513557 3.286009314257619
22.29075632059913 17.615718176119508 3.348509314257619
22.231408620581707 17.60207574874101 3.386571316716657
22.133699841410976 17.58086868179488 3.324071316716657
22.03485725865119 17.56580584511426 3.261571316716657
21.93526685047277 17.55694605875404 3.199071316716657
21.83532135465161 17.553930603137236 3.1587450896178733
21.735336064594044 17.552215443639035 3.1587450896178733
21.635350774536477 17.550500284140835 3.1587450896178733
21.535365484478913 17.548785124642635 3.1587450896178733
21.435380194421345 17.547069965144434 3.1587450896178733
21.335394904363778 17.545354805646234 3.1587450896178733
21.235409614306214 17.54363964614803 3.1587450896178733
21.135424324248646 17.54192448664983 3.1587450896178733
21.03543903419108 17.54020932715163 3.1587450896178733
20.93545374413351 17.53849416765343 3.1587450896178733
20.835468454075944 17.53677900815523 3.1587450896178733
20.73548316401838 17.535063848657025 3.1587450896178733
20.635497873960812 17.533348689158824 3.1587450896178733
20.535512583903245 17.531633529660624 3.1587450896178733
20.435527293845677 17.529918370162424 3.1587450896178733
20.335542003788113 17.528203210664223 3.1587450896178733
20.235556713730546 17.52648805116602 3.1587450896178733
20.135571423672978 17.52477289166782 3.1587450896178733
20.03558613361541 17.52305773216962 3.1587450896178733
19.935600843557843 17.52134257267142 3.1587450896178733
19.83561555350028 17.519627413173218 3.1587450896178733
19.73563026344271 17.517912253675014 3.1587450896178733
19.635644973385144 17.516197094176814 3.1587450896178733
19.535659683327577 17.514481934678614 3.1587450896178733
19.435674393270013 17.512766775180413 3.1587450896178733
19.335689103212445 17.511051615682213 3.1587450896178733
19.235703813154878 17.509336456184013 3.1587450896178733
19.13571852309731 17.50762129668581 3.1587450896178733
19.035733233039743 17.50590613718761 3.1587450896178733
18.93574794298218 17.504190977689408 3.1587450896178733
18.83576265292461 17.502475818191208 3.1587450896178733
18.735777362867044 17.500760658693007 3.1587450896178733
18.635792072809476 17.499045499194803 3.1587450896178733
18.535806782751912 17.497330339696603 3.1587450896178733
18.435821492694345 17.495615180198403 3.1587450896178733
18.335836202636777 17.493900020700202 3.1587450896178733
18.23585091257921 17.492184861202002 3.1587450896178733
18.135865622521646 17.490469701703798 3.1587450896178733
18.035880332464078 17.488754542205598 3.1587450896178733
17.93589504240651 17.487039382707398 3.1587450896178733
17.835909752348947 17.485324223209197 3.1587450896178733
17.73592446229138 17.483609063710997 3.1587450896178733
17.63593917223381 17.481893904212797 3.1587450896178733
17.535953882176248 17.480178744714593 3.1587450896178733
17.43596859211868 17.478463585216392 3.1587450896178733
17.335983302061116 17.476748425718192 3.1587450896178733
17.23599801200355 17.47503326621999 3.1587450896178733
17.13601272194598 17.47331810672179 3.1587450896178733
17.036027431888414 17.471602947223587 3.1587450896178733
16.93604214183085 17.469887787725387 3.1587450896178733
16.836056851773282 17.468172628227187 3.1587450896178733
16.73607156171572 17.466457468728986 3.1587450896178733
16.63608627165815 17.464742309230786 3.1587450896178733
16.536100981600583 17.463027149732582 3.1587450896178733
16.43611569154302 17.461311990234382 3.1587450896178733
16.336130401485452 17.45959683073618 3.1587450896178733
16.236145111427884 17.45788167123798 3.1587450896178733
16.13615982137032 17.45616651173978 3.1587450896178733
16.036174531312753 17.454451352241577 3.1587450896178733
15.936189241255187 17.452736192743377 3.1587450896178733
15.836203951197621 17.451021033245176 3.1587450896178733
15.736218661140054 17.449305873746976 3.1587450896178733
15.63623337108249 17.447590714248776 3.1587450896178733
15.53628610196973 17.444622996590507 3.198323960447085
15.436689100187728 17.435837642213578 3.260823960447085
15.337835287727394 17.420848680356613 3.323323960447085
15.240110686610894 17.399714642594905 3.385823960447084
15.143896909314265 17.372518056893632 3.448323960447084
15.049569668578851 17.33936512533795 3.510823960447084
14.957497310261106 17.3003853094161 3.573323960447084
14.868039374949895 17.255730824475084 3.635823960447083
14.781545193968189 17.205576045322985 3.698323960447083
14.698352525241726 17.150116825299065 3.760823960447083
14.618786234361547 17.08956973147068 3.823323960447083
14.543157025990805 17.024171198943513 3.885823960447082
14.471760230569707 16.954176607587534 3.948323960447082
14.404874651056467 16.8798592847841 4.010823960447082
14.342761474207716 16.801509438088345 4.073323960447082
14.285663250649819 16.71943302197492 4.135823960447081
14.233802947723852 16.633950543092286 4.198323960447081
14.187383078802924 16.545395808691147 4.260823960447081
14.146584912481774 16.45411462311425 4.323323960447081
14.1115677647268 16.360463437437836 4.38582396044708
14.08246837675061 16.264807957537812 4.44832396044708
14.059400381040517 16.16752171601615 4.51082396044708
14.042453857626109 16.06898461356404 4.57332396044708
14.031694982318662 15.969581435457851 4.6358239604470795
14.02716576829601 15.869700348980833 4.6983239604470795
14.028883902041985 15.76973138763821 4.7608239604470795
14.036842674281075 15.670064928084663 4.8233239604470795
14.051011006178008 15.571090165711873 4.885823960447079
14.053437166199991 15.557582885145584 4.894401138453976
14.068453890678484 15.458733286251965 4.831901138453976
14.077267216647224 15.35913875577533 4.769401138453976
14.082478250938541 15.259274655434568 4.764316092334637
14.08766862882213 15.15940944639045 4.764316092334637
14.092859006705718 15.05954423734633 4.764316092334637
14.098049384589306 14.959679028302212 4.764316092334637
14.103239762472892 14.859813819258093 4.764316092334637
14.10843014035648 14.759948610213975 4.764316092334637
14.113620518240069 14.660083401169855 4.764316092334637
14.118810896123657 14.560218192125737 4.764316092334637
14.124001274007245 14.460352983081618 4.764316092334637
14.129191651890833 14.360487774037498 4.764316092334637
14.134382029774422 14.26062256499338 4.764316092334637
14.13957240765801 14.160757355949261 4.764316092334637
14.144762785541598 14.060892146905141 4.764316092334637
14.149953163425186 13.961026937861023 4.764316092334637
14.155143541308775 13.861161728816903 4.764316092334637
14.160333919192363 13.761296519772785 4.764316092334637
14.165524297075951 13.661431310728666 4.764316092334637
14.170714674959537 13.561566101684548 4.764316092334637
14.175905052843126 13.461700892640428 4.764316092334637
14.181095430726714 13.36183568359631 4.764316092334637
14.186285808610302 13.26197047455219 4.764316092334637
14.19147618649389 13.162105265508071 4.764316092334637
14.196666564377479 13.062240056463953 4.764316092334637
14.201856942261067 12.962374847419834 4.764316092334637
14.207047320144655 12.862509638375714 4.764316092334637
14.212237698028243 12.762644429331596 4.764316092334637
14.217428075911831 12.662779220287476 4.764316092334637
14.22261845379542 12.562914011243357 4.764316092334637
14.227808831679008 12.46304880219924 4.764316092334637
14.232999209562596 12.363183593155119 4.764316092334637
14.238189587446183 12.263318384111 4.764316092334637
14.24337996532977 12.163453175066882 4.764316092334637
14.248570343213359 12.063587966022762 4.764316092334637
14.253760721096947 11.963722756978644 4.764316092334637
14.258951098980535 11.863857547934526 4.764316092334637
14.264141476864124 11.763992338890406 4.764316092334637
14.269331854747712 11.664127129846287 4.764316092334637
14.2745222326313 11.564261920802169 4.764316092334637
14.279712610514888 11.464396711758049 4.764316092334637
14.284902988398477 11.364531502713932 4.764316092334637
14.290093366282065 11.264666293669812 4.764316092334637
14.295283744165653 11.164801084625694 4.764316092334637
14.30047412204924 11.064935875581575 4.764316092334637
14.305664499932828 10.965070666537457 4.764316092334637
14.310854877816416 10.865205457493339 4.764316092334637
14.316045255700004 10.76534024844922 4.764316092334637
14.321235633583592 10.665475039405102 4.764316092334637
14.32642601146718 10.565609830360984 4.764316092334637
14.331616389350769 10.465744621316865 4.764316092334637
14.336806767234357 10.365879412272747 4.764316092334637
14.341997145117945 10.266014203228627 4.764316092334637
14.347187523001534 10.16614899418451 4.764316092334637
14.352377900885122 10.06628378514039 4.764316092334637
14.35756827876871 9.966418576096272 4.764316092334637
14.362758656652296 9.866553367052154 4.764316092334637
14.367949034535885 9.766688158008035 4.764316092334637
14.373139412419473 9.666822948963917 4.764316092334637
14.378329790303061 9.566957739919799 4.764316092334637
14.38352016818665 9.467092530875679 4.764316092334637
14.388710546070238 9.367227321831562 4.764316092334637
14.393900923953826 9.267362112787442 4.764316092334637
14.399091301837414 9.167496903743324 4.764316092334637
14.404281679721002 9.067631694699205 4.764316092334637
14.40947205760459 8.967766485655089 4.764316092334637
14.414662435488179 8.867901276610969 4.764316092334637
14.419852813371765 8.76803606756685 4.764316092334637
14.425043191255353 8.66817085852273 4.764316092334637
14.430233569138942 8.568305649478614 4.764316092334637
14.43542394702253 8.468440440434494 4.764316092334637
14.440614324906118 8.368575231390375 4.764316092334637
14.445804702789706 8.268710022346257 4.764316092334637
14.450995080673295 8.168844813302139 4.764316092334637
14.456185458556883 8.06897960425802 4.764316092334637
14.461375836440471 7.969114395213902 4.764316092334637
14.46656621432406 7.869249186169783 4.764316092334637
14.471756592207647 7.769383977125665 4.764316092334637
14.476946970091234 7.669518768081546 4.764316092334637
14.482137347974822 7.569653559037428 4.764316092334637
14.48732772585841 7.469788349993308 4.764316092334637
14.492518103741999 7.36992314094919 4.764316092334637
14.497708481625587 7.270057931905072 4.764316092334637
14.502898859509175 7.170192722860953 4.764316092334637
14.508089237392763 7.070327513816835 4.764316092334637
14.513279615276351 6.970462304772717 4.764316092334637
14.51846999315994 6.8705970957285984 4.764316092334637
14.523660371043528 6.77073188668448 4.764316092334637
14.528850748927116 6.670866677640362 4.764316092334637
14.534041126810703 6.5710014685962435 4.764316092334637
14.53923150469429 6.471136259552125 4.764316092334637
14.544421882577879 6.371271050508007 4.764316092334637
14.549612260461467 6.271405841463887 4.764316092334637
14.554802638345055 6.17154063241977 4.764316092334637
14.559993016228644 6.07167542337565 4.764316092334637
14.565183394112232 5.971810214331532 4.764316092334637
14.57037377199582 5.871945005287413 4.764316092334637
14.575564149879408 5.772079796243295 4.764316092334637
14.580754527762997 5.672214587199177 4.764316092334637
14.585944905646585 5.572349378155058 4.764316092334637
14.591135283530171 5.472484169110938 4.764316092334637
14.59632566141376 5.372618960066822 4.764316092334637
14.601516039297348 5.272753751022702 4.764316092334637
14.606706417180936 5.172888541978583 4.764316092334637
14.611896795064524 5.073023332934465 4.764316092334637
14.617087172948112 4.973158123890347 4.764316092334637
14.6222775508317 4.873292914846228 4.764316092334637
14.627467928715289 4.77342770580211 4.764316092334637
14.632658306598877 4.67356249675799 4.764316092334637
14.637848684482465 4.573697287713873 4.764316092334637
14.643039062366054 4.473832078669753 4.764316092334637
14.64822944024964 4.373966869625635 4.764316092334637
14.653419818133228 4.2741016605815165 4.764316092334637
14.658610196016816 4.174236451537398 4.764316092334637
14.663800573900405 4.07437124249328 4.764316092334637
14.668990951783993 3.9745060334491615 4.764316092334637
14.674181329667581 3.8746408244050414 4.764316092334637
14.67937170755117 3.774775615360925 4.764316092334637
14.684562085434758 3.6749104063168048 4.764316092334637
14.689752463318346 3.5750451972726864 4.764316092334637
14.694942841201934 3.475179988228568 4.764316092334637
14.700133219085522 3.3753147791844498 4.764316092334637
14.705323596969109 3.2754495701403314 4.764316092334637
14.710513974852699 3.175584361096213 4.764316092334637
14.715704352736285 3.075719152052093 4.764316092334637
14.720894730619873 2.9758539430079765 4.764316092334637
14.726085108503462 2.8759887339638563 4.764316092334637
14.73127548638705 2.776123524919738 4.764316092334637
14.736465864270638 2.6762583158756215 4.764316092334637
14.741656242154226 2.5763931068315014 4.764316092334637
14.746846620037815 2.476527897787385 4.764316092334637
14.752036997921403 2.3766626887432647 4.764316092334637
14.757227375804991 2.276797479699148 4.764316092334637
14.76241775368858 2.176932270655028 4.764316092334637
14.767608131572166 2.0770670616109115 4.764316092334637
14.772798509455754 1.977201852566795 4.764316092334637
14.777988887339342 1.8773366435226748 4.764316092334637
14.78317926522293 1.7774714344785547 4.764316092334637
14.788369643106519 1.6776062254344364 4.764316092334637
14.793560020990107 1.577741016390318 4.764316092334637
14.798750398873695 1.4778758073461997 4.764316092334637
14.803940776757283 1.3780105983020796 4.764316092334637
14.809131154640871 1.2781453892579648 4.764316092334637
14.81432717190886 1.178280478322412 4.766972984151868
14.822898641246214 1.0786648413526532 4.829472984151868
14.837675299612968 0.979779070975896 4.891972984151868
14.858599444474423 0.882009314009288 4.954472984151868
14.885589367492678 0.7857373592614962 5.016972984151868
14.918539673595932 0.691339146655567 5.079472984151868
14.957321692543998 0.5991832991915871 5.141972984151868
15.001783981382825 0.5096296834817551 5.204472984151867
15.051752915826 0.42302800447894384 5.266972984151867
15.10703336825387 0.3397164398863701 5.329472984151867
15.167409469682712 0.26002031958088523 5.391972984151867
15.23264545272851 0.18425085520676632 5.454472984151867
15.302486572273533 0.1127039249009183 5.516972984151867
15.37666010024057 0.045658917895060824 5.579472984151867
15.454876390590242 -0.016622356493222412 5.641972984151867
15.53683001038257 -0.07389669122027342 5.704472984151865
15.622200932486095 -0.12594043123467102 5.766972984151865
15.710655785276955 -0.1725503468454015 5.829472984151865
15.801849154447957 -0.2135444273294702 5.891972984151867
15.89542493184404 -0.2487625916798617 5.954472984151867
15.991017706057015 -0.27806731371846993 6.016972984151868
16.08825418934928 -0.3013441591328565 6.079472984151868
16.186754675334466 -0.3185022323398119 6.14197298415187
16.286134521722722 -0.3294745314306411 6.20447298415187
16.38600565234066 -0.33421820981221373 6.266972984151872
16.48597807256047 -0.3327147435219562 0.04628767697228575
16.585661392220633 -0.32497000356356587 0.10878767697228753
16.684666350091106 -0.31101423298083297 0.17128767697228753
16.742074215695506 -0.3 0.20782402712052714
16.839828968953192 -0.2789286180307777 0.21247848312732517
16.93758009364795 -0.2578402890094889 0.21247848312732517
17.035331218342705 -0.2367519599882002 0.21247848312732517
17.133082343037465 -0.2156636309669115 0.21247848312732517
17.23083346773222 -0.19457530194562273 0.21247848312732517
17.328584592426978 -0.17348697292433404 0.21247848312732517
17.426335717121734 -0.1523986439030453 0.21247848312732517
17.52408684181649 -0.13131031488175657 0.21247848312732517
17.621837966511247 -0.11022198586046789 0.21247848312732517
17.719589091206004 -0.08913365683917915 0.21247848312732517
17.81734021590076 -0.06804532781789041 0.21247848312732517
17.915091340595517 -0.0469569987966017 0.21247848312732517
18.012842465290273 -0.025868669775312936 0.21247848312732517
18.11059358998503 -0.0047803407540241705 0.21247848312732517
18.208344714679786 0.016307988267264595 0.21247848312732517
18.306095839374542 0.03739631728855336 0.21247848312732517
18.403846964069302 0.05848464630984207 0.21247848312732517
18.50159808876406 0.07957297533113078 0.21247848312732517
18.599349213458815 0.10066130435241949 0.21247848312732517
18.69710033815357 0.12174963337370825 0.21247848312732517
18.794851462848328 0.14283796239499696 0.21247848312732517
18.892602587543085 0.16392629141628573 0.21247848312732517
18.99035371223784 0.1850146204375745 0.21247848312732517
19.088104836932597 0.20610294945886326 0.21247848312732517
19.185746890015167 0.22767721871277063 0.23742941648819313
19.28214342838882 0.25421874476290146 0.29992941648819316
19.37669398794116 0.2867293107966014 0.3624294164881934
19.469029350760543 0.32508196374924153 0.4249294164881934
19.558788949231147 0.36912693733179575 0.4874294164881934
19.645622274041823 0.41869223686499596 0.5499294164881934
19.729190242917436 0.4735843109148717 0.6124294164881936
19.809166524727896 0.5335888071069597 0.6749294164881936
19.885238813804243 0.5984714091677383 0.7374294164881936
19.957110049485593 0.6679787519246598 0.7999294164881936
20.02449957613467 0.7418394106917305 0.8624294164881936
20.087144239092062 0.8197649611770967 0.9249294164881936
20.144799412289522 0.901451105773736 0.9874294164881936
20.197239953509552 0.9865788618350984 1.049929416488194
20.24426108356092 1.0748158072955143 1.112429416488194
20.285679185937045 1.1658173787712482 1.1749294164881936
20.3213325238345 1.2592282170731413 1.2374294164881936
20.351081871731783 1.354683554876633 1.2999294164881932
20.374811059061994 1.4518106411303655 1.3624294164881932
20.392427423856425 1.5502301966410557 1.4249294164881927
20.40386217458754 1.6495578951506331 1.4874294164881927
20.40727559456202 1.7 1.5190291475158386
20.415566430499688 1.799639386062676 1.4565291475158386
20.43006448675261 1.8985663873332064 1.3940291475158386
20.450106321108777 1.9965308272483147 1.3594111077738342
20.471087769752717 2.094304948634302 1.3594111077738342
20.492069218396658 2.192079070020289 1.3594111077738342
20.513050667040595 2.289853191406276 1.3594111077738342
20.534032115684536 2.3876273127922634 1.3594111077738342
20.555013564328473 2.48540143417825 1.3594111077738342
20.575995012972413 2.5831755555642375 1.3594111077738342
20.59697646161635 2.680949676950225 1.3594111077738342
20.61795791026029 2.7787237983362116 1.3594111077738342
20.63893935890423 2.876497919722199 1.3594111077738342
20.65992080754817 2.974272041108186 1.3594111077738342
20.68090225619211 3.072046162494173 1.3594111077738342
20.701883704836046 3.169820283880161 1.3594111077738342
20.722865153479987 3.2675944052661476 1.3594111077738342
20.743846602123927 3.3653685266521354 1.3594111077738342
20.764828050767864 3.463142648038122 1.3594111077738342
20.785809499411805 3.560916769424109 1.3594111077738342
20.806790948055742 3.6586908908100964 1.3594111077738342
20.827772396699682 3.7564650121960836 1.3594111077738342
20.84875384534362 3.8542391335820705 1.3594111077738342
20.86973529398756 3.952013254968058 1.3594111077738342
20.8907167426315 4.049787376354045 1.3594111077738342
20.911698191275438 4.147561497740033 1.3594111077738342
20.932679639919378 4.24533561912602 1.3594111077738342
20.953661088563315 4.343109740512007 1.3594111077738342
20.974642537207256 4.440883861897994 1.3594111077738342
20.995623985851193 4.538657983283982 1.3594111077738342
21.016605434495133 4.636432104669969 1.3594111077738342
21.037586883139074 4.734206226055956 1.3594111077738342
21.05856833178301 4.831980347441943 1.3594111077738342
21.07954978042695 4.92975446882793 1.3594111077738342
21.10053122907089 5.027528590213918 1.3594111077738342
21.12151267771483 5.125302711599905 1.3594111077738342
21.14249412635877 5.223076832985892 1.3594111077738342
21.163475575002707 5.320850954371879 1.3594111077738342
21.184457023646647 5.418625075757866 1.3594111077738342
21.205438472290584 5.516399197143854 1.3594111077738342
21.226419920934525 5.614173318529841 1.3594111077738342
21.247401369578462 5.7119474399158285 1.3594111077738342
21.268382818222403 5.809721561301814 1.3594111077738342
21.28936426686634 5.907495682687801 1.3594111077738342
21.31034571551028 6.005269804073787 1.3594111077738342
21.33132716415422 6.103043925459774 1.3594111077738342
21.352308612798158 6.200818046845761 1.3594111077738342
21.3732900614421 6.298592168231749 1.3594111077738342
21.394271510086035 6.396366289617735 1.3594111077738342
21.415252958729976 6.4941404110037215 1.3594111077738342
21.436234407373913 6.591914532389709 1.3594111077738342
21.457215856017854 6.689688653775696 1.3594111077738342
21.47819730466179 6.787462775161682 1.3594111077738342
21.49917875330573 6.885236896547669 1.3594111077738342
21.520160201949672 6.983011017933657 1.3594111077738342
21.54114165059361 7.080785139319642 1.3594111077738342
21.56212309923755 7.178559260705629 1.3594111077738342
21.583104547881486 7.276333382091616 1.3594111077738342
21.604085996525427 7.374107503477602 1.3594111077738342
21.625067445169364 7.471881624863589 1.3594111077738342
21.646048893813305 7.569655746249577 1.3594111077738342
21.66703034245724 7.667429867635564 1.3594111077738342
21.688011791101182 7.76520398902155 1.3594111077738342
21.70899323974512 7.8629781104075365 1.3594111077738342
21.72997468838906 7.960752231793524 1.3594111077738342
21.750956137033 8.058526353179511 1.3594111077738342
21.771937585676937 8.156300474565496 1.3594111077738342
21.792919034320878 8.254074595951483 1.3594111077738342
21.813900482964815 8.35184871733747 1.3594111077738342
21.834881931608756 8.449622838723458 1.3594111077738342
21.855863380252693 8.547396960109443 1.3594111077738342
21.876844828896633 8.64517108149543 1.3594111077738342
21.897826277540574 8.742945202881419 1.3594111077738342
21.91880772618451 8.840719324267406 1.3594111077738342
21.93978917482845 8.938493445653389 1.3594111077738342
21.96077062347239 9.036267567039378 1.3594111077738342
21.98175207211633 9.134041688425365 1.3594111077738342
22.002733520760266 9.231815809811351 1.3594111077738342
22.023714969404207 9.329589931197336 1.3594111077738342
22.044696418048144 9.427364052583325 1.3594111077738342
22.065677866692084 9.525138173969312 1.3594111077738342
22.08665931533602 9.622912295355299 1.3594111077738342
22.107640763979962 9.720686416741284 1.3594111077738342
22.128622212623902 9.81846053812727 1.3594111077738342
22.14960366126784 9.91623465951326 1.3594111077738342
22.17058510991178 10.014008780899246 1.3594111077738342
22.191566558555717 10.111782902285231 1.3594111077738342
22.212548007199658 10.209557023671218 1.3594111077738342
22.233529455843595 10.307331145057207 1.3594111077738342
22.254510904487535 10.405105266443194 1.3594111077738342
22.275492353131472 10.502879387829179 1.3594111077738342
22.296473801775413 10.600653509215165 1.3594111077738342
22.31745525041935 10.698427630601154 1.3594111077738342
22.33843669906329 10.796201751987141 1.3594111077738342
22.35941814770723 10.893975873373126 1.3594111077738342
22.380399596351168 10.991749994759113 1.3594111077738342
22.40138104499511 11.089524116145101 1.3594111077738342
22.422362493639046 11.187298237531088 1.3594111077738342
22.443343942282986 11.285072358917072 1.3594111077738342
22.464325390926923 11.38284648030306 1.3594111077738342
22.485306839570864 11.480620601689047 1.3594111077738342
22.506288288214805 11.578394723075034 1.3594111077738342
22.52726973685874 11.67616884446102 1.3594111077738342
22.548251185502682 11.773942965847008 1.3594111077738342
22.56923263414662 11.871717087232994 1.3594111077738342
22.59021408279056 11.969491208618981 1.3594111077738342
22.611195531434497 12.067265330004968 1.3594111077738342
22.632176980078437 12.165039451390955 1.3594111077738342
22.653158428722374 12.262813572776942 1.3594111077738342
22.674139877366315 12.360587694162929 1.3594111077738342
22.695121326010252 12.458361815548916 1.3594111077738342
22.716102774654193 12.556135936934902 1.3594111077738342
22.737084223298133 12.65391005832089 1.3594111077738342
22.75806567194207 12.751684179706876 1.3594111077738342
22.77904712058601 12.849458301092863 1.3594111077738342
22.800028569229948 12.94723242247885 1.3594111077738342
22.82101001787389 13.045006543864837 1.3594111077738342
22.841991466517825 13.142780665250823 1.3594111077738342
22.862972915161766 13.24055478663681 1.3594111077738342
22.883954363805707 13.338328908022797 1.3594111077738342
22.904935812449644 13.436103029408784 1.3594111077738342
22.925917261093584 13.53387715079477 1.3594111077738342
22.94689870973752 13.631651272180756 1.3594111077738342
22.967880158381462 13.729425393566743 1.3594111077738342
22.9888616070254 13.82719951495273 1.3594111077738342
23.00984305566934 13.924973636338716 1.3594111077738342
23.030824504313276 14.022747757724703 1.3594111077738342
23.051805952957217 14.12052187911069 1.3594111077738342
23.072787401601154 14.218296000496677 1.3594111077738342
23.093768850245095 14.316070121882664 1.3594111077738342
23.114750298889035 14.41384424326865 1.3594111077738342
23.132811222219573 14.512183245829624 1.4203922526027697
23.1446965197541 14.61145804080805 1.4828922526027697
23.150357975399075 14.711281350387887 1.5453922526027697
23.14977348129135 14.81126336668147 1.6078922526027697
23.14294531986792 14.911013662054808 1.6703922526027697
23.129900154953006 15.010142713739139 1.7328922526027697
23.110688927636442 15.108263424909023 1.7953922526027697
23.085386657349773 15.20499263628714 1.8578922526027697
23.05409214891699 15.299952622373088 1.9203922526027697
23.01692760672382 15.392772566453354 1.9828922526027697
22.974038157512197 15.483090008632681 2.0453922526027695
22.925591283663444 15.570552261232162 2.1078922526027695
22.871776169183182 15.654817786027106 2.170392252602766
22.812802960941788 15.735557527946494 2.232892252602766
22.74890194805541 15.812456200025974 2.295392252602766
22.680322662611875 15.885213514596723 2.357892252602766
22.607332905253234 15.95354535590236 2.420392252602766
22.530217699419975 16.017184889564906 2.482892252602766
22.44927817834059 16.075883604567306 2.545392252602766
22.364830409112784 16.129412283683635 2.607892252602766
22.277204158468184 16.177561898567472 2.670392252602766
22.18674160504034 16.22014442600311 2.732892252602766
22.093796003164467 16.256993582132182 2.795392252602766
21.998730303426846 16.287965471788585 2.857892252602766
21.90191573535052 16.312939150406017 2.920392252602766
21.803730357751977 16.33181709630392 2.982892252602766
21.704557582429555 16.344525591507544 3.045392252602766
21.60478467694857 16.351015009615093 3.107892252602766
21.504801252369766 16.351260009587733 3.1703922526027624
21.404997741826456 16.345259634705812 3.2328922526027624
21.305763875891497 16.333037316304832 3.2953922526027624
21.207487160687737 16.314640782276587 3.357892252602766
21.162817241163417 16.30415149748202 3.386571316716657
21.065108461992686 16.28294443053589 3.324071316716657
20.9662658792329 16.267881593855268 3.261571316716657
20.86667547105448 16.25902180749505 3.199071316716657
20.76672613587012 16.256399668731365 3.136571316716657
20.666805165720316 16.25997723013585 3.0818398990709492
20.566983632194862 16.265948950543486 3.0818398990709492
20.467162098669412 16.271920670951122 3.0818398990709492
20.36734056514396 16.27789239135876 3.0818398990709492
20.267519031618505 16.283864111766395 3.0818398990709492
20.167697498093055 16.28983583217403 3.0818398990709492
20.0678759645676 16.295807552581667 3.0818398990709492
19.968054431042148 16.301779272989304 3.0818398990709492
19.868232897516698 16.30775099339694 3.0818398990709492
19.768411363991245 16.313722713804577 3.0818398990709492
19.66858983046579 16.319694434212213 3.0818398990709492
19.56876829694034 16.32566615461985 3.0818398990709492
19.468946763414888 16.331637875027486 3.0818398990709492
19.369125229889434 16.337609595435122 3.0818398990709492
19.269303696363984 16.34358131584276 3.0818398990709492
19.16948216283853 16.349553036250395 3.0818398990709492
19.069660629313077 16.35552475665803 3.0818398990709492
18.969839095787624 16.361496477065668 3.0818398990709492
18.870017562262174 16.367468197473304 3.0818398990709492
18.77019602873672 16.37343991788094 3.0818398990709492
18.670374495211266 16.379411638288577 3.0818398990709492
18.570552961685813 16.385383358696213 3.0818398990709492
18.470731428160363 16.39135507910385 3.0818398990709492
18.37090989463491 16.397326799511486 3.0818398990709492
18.271088361109456 16.403298519919122 3.0818398990709492
18.171266827584006 16.40927024032676 3.0818398990709492
18.071445294058552 16.415241960734395 3.0818398990709492
17.9716237605331 16.42121368114203 3.0818398990709492
17.87180222700765 16.427185401549668 3.0818398990709492
17.771980693482195 16.433157121957304 3.0818398990709492
17.672159159956742 16.43912884236494 3.0818398990709492
17.572337626431292 16.445100562772577 3.0818398990709492
17.47251609290584 16.45107228318021 3.0818398990709492
17.372694559380385 16.457044003587846 3.0818398990709492
17.27287302585493 16.463015723995483 3.0818398990709492
17.17305149232948 16.46898744440312 3.0818398990709492
17.073229958804028 16.474959164810755 3.0818398990709492
16.973408425278578 16.480930885218392 3.0818398990709492
16.873586784308646 16.48690079436269 3.0833459068182214
16.77363949262866 16.48959970179501 3.145845906818221
16.673718775049092 16.486050699980925 3.208345906818221
16.574214819833767 16.476267647696567 3.2708459068182205
16.47551618779839 16.460288747551743 3.3333459068182205
16.3780082949889 16.438176396809574 3.39584590681822
16.28207190764002 16.410016943726493 3.45834590681822
16.188081655291295 16.375920350364176 3.5208459068182196
16.096404567866735 16.336019763190027 3.5833459068182196
16.007398642430825 16.29047099314308 3.645845906818219
15.921411445217649 16.23945190719562 3.708345906818219
15.83877875439218 16.183161733786445 3.7708459068182187
15.759823248843734 16.121820284838105 3.8333459068182187
15.68485324813182 16.05566709739602 3.8958459068182183
15.61416150850484 15.984960498241463 3.9583459068182183
15.548024079693217 15.909976595130994 4.020845906818218
15.486699226941116 15.83100819860159 4.083345906818218
15.430426422486164 15.748363678551758 4.145845906818217
15.379425410425506 15.662365760063686 4.208345906818217
15.333895348619812 15.573350263168697 4.2708459068182165
15.29401403098608 15.481664791477215 4.3333459068182165
15.2599371932162 15.387667374794109 4.3958459068182165
15.231797904632412 15.291725071019961 4.4583459068182165
15.20970604855445 15.19421253279783 4.520845906818216
15.19374789320753 15.09551054450268 4.583345906818216
15.183985754846772 14.996004535286563 4.645845906818216
15.180457754413563 14.896083073986022 4.708345906818216
15.183177668674096 14.796136351769096 4.770845906818215
15.19213487642139 14.696554658447159 4.833345906818215
15.206874332399984 14.6 4.894401138453976
15.221891056878476 14.501150401106381 4.831901138453976
15.230704382847216 14.401555870629746 4.769401138453976
15.23361218405457 14.301608014493535 4.727282022003259
15.23510143316176 14.201619104422985 4.727282022003259
15.236590682268949 14.101630194352433 4.727282022003259
15.238079931376138 14.001641284281883 4.727282022003259
15.239569180483327 13.901652374211332 4.727282022003259
15.241058429590517 13.80166346414078 4.727282022003259
15.242547678697706 13.70167455407023 4.727282022003259
15.244036927804897 13.601685643999678 4.727282022003259
15.245526176912087 13.501696733929128 4.727282022003259
15.247015426019276 13.401707823858576 4.727282022003259
15.248504675126465 13.301718913788026 4.727282022003259
15.249993924233655 13.201730003717474 4.727282022003259
15.251483173340844 13.101741093646924 4.727282022003259
15.252972422448034 13.001752183576372 4.727282022003259
15.254461671555225 12.901763273505821 4.727282022003259
15.255950920662414 12.801774363435271 4.727282022003259
15.257440169769604 12.70178545336472 4.727282022003259
15.258929418876793 12.601796543294169 4.727282022003259
15.260418667983982 12.501807633223617 4.727282022003259
15.261907917091172 12.401818723153067 4.727282022003259
15.263397166198361 12.301829813082515 4.727282022003259
15.264886415305552 12.201840903011965 4.727282022003259
15.266375664412742 12.101851992941413 4.727282022003259
15.267864913519931 12.001863082870862 4.727282022003259
15.26935416262712 11.90187417280031 4.727282022003259
15.27084341173431 11.80188526272976 4.727282022003259
15.2723326608415 11.701896352659208 4.727282022003259
15.273821909948689 11.601907442588658 4.727282022003259
15.275311159055878 11.501918532518106 4.727282022003259
15.27680040816307 11.401929622447556 4.727282022003259
15.278289657270259 11.301940712377004 4.727282022003259
15.279778906377448 11.201951802306453 4.727282022003259
15.281268155484637 11.101962892235901 4.727282022003259
15.282757404591827 11.001973982165351 4.727282022003259
15.284246653699016 10.9019850720948 4.727282022003259
15.285735902806206 10.801996162024249 4.727282022003259
15.287225151913397 10.702007251953697 4.727282022003259
15.288714401020586 10.602018341883147 4.727282022003259
15.290203650127776 10.502029431812595 4.727282022003259
15.291692899234965 10.402040521742045 4.727282022003259
15.293182148342154 10.302051611671494 4.727282022003259
15.294671397449344 10.202062701600944 4.727282022003259
15.296160646556533 10.102073791530394 4.727282022003259
15.297649895663724 10.002084881459844 4.727282022003259
15.299139144770914 9.902095971389294 4.727282022003259
15.300628393878103 9.802107061318743 4.727282022003259
15.302117642985293 9.702118151248191 4.727282022003259
15.303606892092482 9.602129241177641 4.727282022003259
15.305096141199671 9.502140331107089 4.727282022003259
15.30658539030686 9.402151421036539 4.727282022003259
15.30807463941405 9.302162510965989 4.727282022003259
15.309563888521241 9.202173600895438 4.727282022003259
15.31105313762843 9.102184690824886 4.727282022003259
15.31254238673562 9.002195780754336 4.727282022003259
15.31403163584281 8.902206870683786 4.727282022003259
15.315520884949999 8.802217960613236 4.727282022003259
15.317010134057188 8.702229050542684 4.727282022003259
15.318499383164378 8.602240140472134 4.727282022003259
15.319988632271567 8.502251230401583 4.727282022003259
15.321477881378758 8.402262320331033 4.727282022003259
15.322967130485948 8.302273410260481 4.727282022003259
15.324456379593137 8.202284500189931 4.727282022003259
15.325945628700326 8.10229559011938 4.727282022003259
15.327434877807516 8.00230668004883 4.727282022003259
15.328924126914705 7.90231776997828 4.727282022003259
15.330413376021895 7.802328859907728 4.727282022003259
15.331902625129086 7.702339949837178 4.727282022003259
15.333391874236275 7.602351039766628 4.727282022003259
15.334881123343465 7.502362129696078 4.727282022003259
15.336370372450654 7.402373219625526 4.727282022003259
15.337859621557843 7.302384309554975 4.727282022003259
15.339348870665033 7.202395399484425 4.727282022003259
15.340838119772222 7.102406489413875 4.727282022003259
15.342327368879413 7.002417579343324 4.727282022003259
15.343816617986603 6.902428669272774 4.727282022003259
15.345305867093792 6.802439759202223 4.727282022003259
15.346795116200981 6.702450849131671 4.727282022003259
15.34828436530817 6.602461939061121 4.727282022003259
15.34977361441536 6.50247302899057 4.727282022003259
15.35126286352255 6.402484118920022 4.727282022003259
15.352752112629739 6.30249520884947 4.727282022003259
15.35424136173693 6.2025062987789195 4.727282022003259
15.35573061084412 6.1025173887083675 4.727282022003259
15.357219859951309 6.002528478637819 4.727282022003259
15.358709109058498 5.902539568567267 4.727282022003259
15.360198358165688 5.802550658496717 4.727282022003259
15.361687607272877 5.702561748426165 4.727282022003259
15.363176856380067 5.602572838355615 4.727282022003259
15.364666105487256 5.502583928285064 4.727282022003259
15.366155354594447 5.402595018214512 4.727282022003259
15.367644603701637 5.302606108143962 4.727282022003259
15.369133852808826 5.202617198073412 4.727282022003259
15.370623101916015 5.102628288002862 4.727282022003259
15.372112351023205 5.0026393779323115 4.727282022003259
15.373601600130394 4.9026504678617595 4.727282022003259
15.375090849237584 4.802661557791209 4.727282022003259
15.376580098344775 4.702672647720659 4.727282022003259
15.378069347451964 4.602683737650109 4.727282022003259
15.379558596559153 4.502694827579557 4.727282022003259
15.381047845666343 4.402705917509008 4.727282022003259
15.382537094773532 4.302717007438456 4.727282022003259
15.384026343880722 4.202728097367906 4.727282022003259
15.385515592987911 4.102739187297354 4.727282022003259
15.387004842095102 4.002750277226806 4.727282022003259
15.388494091202292 3.9027613671562538 4.727282022003259
15.389983340309481 3.8027724570857036 4.727282022003259
15.39147258941667 3.7027835470151516 4.727282022003259
15.39296183852386 3.602794636944603 4.727282022003259
15.39445108763105 3.502805726874051 4.727282022003259
15.395940336738239 3.402816816803499 4.727282022003259
15.397429585845428 3.302827906732949 4.727282022003259
15.39891883495262 3.2028389966623987 4.727282022003259
15.400408084059809 3.1028500865918485 4.727282022003259
15.401897333166998 3.0028611765212982 4.727282022003259
15.403386582274187 2.902872266450748 4.727282022003259
15.404875831381377 2.802883356380198 4.727282022003259
15.406365080488566 2.7028944463096476 4.727282022003259
15.407854329595756 2.6029055362390956 4.727282022003259
15.409343578702945 2.5029166261685436 4.727282022003259
15.410832827810136 2.402927716097995 4.727282022003259
15.412322076917325 2.302938806027443 4.727282022003259
15.413811326024515 2.202949895956893 4.727282022003259
15.415300575131704 2.102960985886341 4.727282022003259
15.416789824238894 2.0029720758157925 4.727282022003259
15.418409916461615 1.9029856725322691 4.7400720435733605
15.424298853431587 1.8031755245669654 4.8025720435733605
15.436410366070799 1.703928073833545 4.86507204357336
15.454697159181583 1.6056308795032113 4.92757204357336
15.47908782322818 1.5086677900162382 4.9900720435733605
15.509487113189456 1.4134174441620484 5.0525720435733605
15.54577632048866 1.3202517925028268 5.1150720435733605
15.587813736547886 1.2295346449145335 5.1775720435733605
15.635435206157032 1.1416202499171444 5.240072043573359
15.688454768496383 1.056851911341731 5.302572043573359
15.746665383309635 0.9755606477363745 5.365072043573359
15.809839739391657 0.8980638997458037 5.427572043573359
15.877731142233896 0.8246642905124748 5.490072043573359
15.950074477361142 0.7556484439396822 5.552572043573359
16.026587245597884 0.6912858654313325 5.615072043573359
16.106970666221542 0.6318278894791369 5.677572043573359
16.19091084369481 0.5775066982067738 5.740072043573357
16.278079993420985 0.5285344147036763 5.802572043573357
16.368137721735824 0.48510227468890577 5.865072043573357
16.460732355137516 0.44737987973976345 5.927572043573357
16.555502313564165 0.4155145350012628 5.990072043573357
16.652077522356212 0.3896306739626816 6.052572043573357
16.750080857390056 0.3698293725474553 6.115072043573357
16.849129617739678 0.35618795441385664 6.177572043573357
16.948837020115572 0.3487596890077711 6.240072043573355
17.048813709245227 0.3475735835466409 0.019386736393768977
17.148669278297106 0.35263426974691114 0.08188673639376898
17.248013793410994 0.3639219857372691 0.14438673639376898
17.34645931638136 0.38139265322832827 0.20688673639376898
17.443621419547764 0.40497804963741757 0.269386736393769
17.539120686976624 0.4345860744962877 0.331886736393769
17.632584196072333 0.47010110910148306 0.394386736393769
17.7 0.5 0.44048360065110936
17.789063684794105 0.5454357267619754 0.5029836006511094
17.87511558919741 0.5963455977503832 0.5654836006511094
17.957819682364757 0.6525308110084952 0.6279836006511094
18.036853006582202 0.713771964480913 0.6904836006511094
18.111906938410012 0.7798299127738997 0.7529836006511094
18.182688393850565 0.8504467010130243 0.8154836006511093
18.2489209728351 0.9253465721514267 0.8779836006511093
18.31034603856008 1.0042370437951833 0.9404836006511093
18.366723727458353 1.0868100503407965 1.0029836006511093
18.417833885861267 1.172743145964785 1.0654836006511093
18.463476929694025 1.2617007637677222 1.1279836006511093
18.503474623847225 1.3533355261557984 1.1904836006511093
18.537670778181166 1.4472896013428902 1.2529836006511093
18.565931857444976 1.5431961006760275 1.3154836006511093
18.58814750272892 1.6406805113277334 1.3779836006511095
18.604230962413585 1.7393621587605983 1.4404836006511097
18.614119430933087 1.8388556932532027 1.5029836006511097
18.61777429402948 1.9387725946825354 1.5654836006511097
18.615181279540586 2.038722689686756 1.6279836006511097
18.60635051313249 2.138315675283825 1.6904836006511097
18.59198868100557 2.237273008672358 1.7238027354103926
18.576747670751992 2.3361047424750714 1.7238027354103926
18.561506660498413 2.4349364762777848 1.7238027354103926
18.546265650244834 2.5337682100804977 1.7238027354103926
18.531024639991255 2.6325999438832106 1.7238027354103926
18.515783629737676 2.7314316776859235 1.7238027354103926
18.500542619484097 2.830263411488637 1.7238027354103926
18.485301609230522 2.92909514529135 1.7238027354103926
18.470060598976943 3.0279268790940628 1.7238027354103926
18.454819588723364 3.1267586128967757 1.7238027354103926
18.439578578469785 3.225590346699489 1.7238027354103926
18.424337568216206 3.324422080502202 1.7238027354103926
18.409096557962627 3.423253814304915 1.7238027354103926
18.393855547709048 3.522085548107628 1.7238027354103926
18.37861453745547 3.620917281910341 1.7238027354103926
18.363373527201894 3.719749015713054 1.7238027354103926
18.348132516948315 3.818580749515766 1.7238027354103926
18.332891506694736 3.917412483318481 1.7238027354103926
18.317650496441157 4.016244217121194 1.7238027354103926
18.302409486187578 4.115075950923906 1.7238027354103926
18.287168475934 4.213907684726618 1.7238027354103926
18.27192746568042 4.312739418529331 1.7238027354103926
18.25668645542684 4.411571152332044 1.7238027354103926
18.241445445173266 4.510402886134756 1.7238027354103926
18.226204434919687 4.609234619937469 1.7238027354103926
18.210963424666108 4.708066353740182 1.7238027354103926
18.19572241441253 4.806898087542894 1.7238027354103926
18.18048140415895 4.905729821345607 1.7238027354103926
18.16524039390537 5.00456155514832 1.7238027354103926
18.149999383651792 5.103393288951032 1.7238027354103926
18.134758373398217 5.202225022753744 1.7238027354103926
18.119517363144638 5.3010567565564575 1.7238027354103926
18.10427635289106 5.399888490359171 1.7238027354103926
18.08903534263748 5.498720224161882 1.7238027354103926
18.0737943323839 5.597551957964595 1.7238027354103926
18.058553322130322 5.696383691767307 1.7238027354103926
18.043312311876743 5.795215425570021 1.7238027354103926
18.028071301623168 5.894047159372732 1.7238027354103926
18.013287638521625 5.99294567452556 1.699766187059847
18.00353278535048 6.092452398193368 1.6372661870598475
18.000012100506797 6.19237411752267 1.5747661870598475
18.0 6.2 1.57
18.003203562726338 6.299932389150619 1.5075
18.012642579387435 6.399469569038156 1.445
18.02828019082523 6.4982228491052645 1.3825
18.049813758631622 6.595865472134564 1.337629741116557
18.072919715976607 6.693159432559513 1.337629741116557
18.096025673321595 6.790453392984463 1.337629741116557
18.119131630666583 6.887747353409412 1.337629741116557
18.14223758801157 6.985041313834362 1.337629741116557
18.165343545356556 7.082335274259311 1.337629741116557
18.188449502701545 7.179629234684261 1.337629741116557
18.211555460046533 7.276923195109211 1.337629741116557
18.234661417391518 7.37421715553416 1.337629741116557
18.257767374736506 7.471511115959109 1.337629741116557
18.280873332081494 7.568805076384058 1.337629741116557
18.30397928942648 7.666099036809008 1.337629741116557
18.327085246771468 7.763392997233958 1.337629741116557
18.350191204116456 7.860686957658907 1.337629741116557
18.37329716146144 7.957980918083857 1.337629741116557
18.39640311880643 8.055274878508806 1.337629741116557
18.419509076151417 8.152568838933757 1.337629741116557
18.442615033496402 8.249862799358706 1.337629741116557
18.46572099084139 8.347156759783655 1.337629741116557
18.48882694818638 8.444450720208604 1.337629741116557
18.511932905531364 8.541744680633554 1.337629741116557
18.535038862876352 8.639038641058503 1.337629741116557
18.55814482022134 8.736332601483454 1.337629741116557
18.581250777566325 8.833626561908403 1.337629741116557
18.604356734911313 8.930920522333352 1.337629741116557
18.6274626922563 9.028214482758301 1.337629741116557
18.650568649601286 9.12550844318325 1.337629741116557
18.673674606946275 9.2228024036082 1.337629741116557
18.696780564291263 9.320096364033152 1.337629741116557
18.719886521636248 9.4173903244581 1.337629741116557
18.742992478981236 9.51468428488305 1.337629741116557
18.766098436326224 9.611978245307998 1.337629741116557
18.78920439367121 9.709272205732947 1.337629741116557
18.812310351016198 9.806566166157896 1.337629741116557
18.835416308361186 9.903860126582849 1.337629741116557
18.858522265706174 10.001154087007798 1.337629741116557
18.88162822305116 10.098448047432747 1.337629741116557
18.904734180396147 10.195742007857696 1.337629741116557
18.927840137741132 10.293035968282645 1.337629741116557
18.95094609508612 10.390329928707594 1.337629741116557
18.97405205243111 10.487623889132543 1.337629741116557
18.997158009776093 10.584917849557492 1.337629741116557
19.020263967121082 10.68221180998244 1.337629741116557
19.04336992446607 10.77950577040739 1.337629741116557
19.066475881811055 10.876799730832339 1.337629741116557
19.089581839156043 10.974093691257288 1.337629741116557
19.11268779650103 11.071387651682237 1.337629741116557
19.135793753846016 11.168681612107186 1.337629741116557
19.158899711191005 11.265975572532135 1.337629741116557
19.182005668535993 11.363269532957084 1.337629741116557
19.205111625880978 11.460563493382033 1.337629741116557
19.228217583225966 11.557857453806983 1.337629741116557
19.251323540570954 11.655151414231932 1.337629741116557
19.27442949791594 11.752445374656881 1.337629741116557
19.297535455260928 11.84973933508183 1.337629741116557
19.320641412605916 11.947033295506781 1.337629741116557
19.3437473699509 12.044327255931728 1.337629741116557
19.36685332729589 12.141621216356679 1.337629741116557
19.389959284640874 12.238915176781628 1.337629741116557
19.413065241985862 12.336209137206577 1.337629741116557
19.43617119933085 12.433503097631526 1.337629741116557
19.45927715667584 12.530797058056475 1.337629741116557
19.482383114020823 12.628091018481424 1.337629741116557
19.505489071365812 12.725384978906373 1.337629741116557
19.528595028710797 12.822678939331322 1.337629741116557
19.551700986055785 12.91997289975627 1.337629741116557
19.572367963527856 13.017798313514307 1.3934914745204503
19.586919208059676 13.116717505272366 1.4559914745204503
19.595263616203518 13.216352419174175 1.5184914745204503
19.59736860322415 13.316313983013162 1.5809914745204503
19.593225949192313 13.416211849021723 1.6434914745204494
19.58285183108334 13.515655918170935 1.7059914745204494
19.56628675960644 13.614257863498892 1.7684914745204494
19.543595421011233 13.711632646519192 1.8309914745204494
19.51486642448934 13.807400020787973 1.8934914745204485
19.480211956157365 13.901186016758164 1.9559914745204485
19.439767340972537 13.992624402122537 2.0184914745204487
19.39369051429163 14.081358111943043 2.0809914745204487
19.34216140513678 14.167040642981753 2.143491474520448
19.285381233576498 14.249337406788587 2.205991474520448
19.223571724965623 14.32792703626204 2.268491474520448
19.156974244112547 14.402502640580856 2.330991474520448
19.085848852754804 14.4727730036061 2.393491474520447
19.01047329402354 14.538463721073963 2.455991474520447
18.931141907862557 14.599318272138522 2.518491474520447
18.848164481637102 14.655099021080172 2.580991474520447
18.761865040420854 14.705588145268013 2.643491474520446
18.672580581684933 14.750588485752573 2.705991474520446
18.580659759330004 14.789924317167273 2.768491474520446
18.486461522200234 14.823442033932235 2.830991474520446
18.390353712395758 14.851010750080771 2.893491474520445
18.292711628857134 14.87252281036631 2.955991474520445
18.193916561831017 14.887894210653787 3.018491474520445
18.094354303939916 14.897064925954034 3.080991474520445
