7.7 -3.0 0.2619782538276378
21.353637797281007 0.6610988590375243 1.5190291475158384
22.231408620581707 17.60207574874101 3.386571316716657
14.053437166199991 15.557582885145584 4.894401138453976
16.742074215695506 0.9493215828866182 0.20782402712052714
20.40727559456202 1.7221977180750485 1.5190291475158386
21.162817241163417 16.30415149748202 3.386571316716657
15.206874332399984 14.815165770291165 4.894401138453976
17.584148431391014 1.8986431657732363 0.44048360065110936
19.460913391843025 2.7832965771125733 1.5190291475158384
20.094225861745123 15.006227246223032 3.386571316716657
16.360311498599977 14.072748655436747 4.894401138453976
18.426222647086522 2.8479647486598547 1.5102250911211013
18.678226757409945 7.003333904068122 1.5190291475158384
19.025634482326833 13.708302994964047 3.386571316716656
17.513748664799966 13.330331540582332 4.171269627225472
