7.7 -3.0 0.29
7.794040349944416 -2.9661454766784883 0.4011111111111111
7.885877110065504 -2.9265727138654576 0.4070171129191839
7.977707684823204 -2.886985524780218 0.4070171129191839
8.069538259580904 -2.8473983356949786 0.4070171129191839
8.161368834338605 -2.807811146609739 0.4070171129191839
8.253199409096304 -2.7682239575245 0.4070171129191839
8.345029983854003 -2.7286367684392605 0.4070171129191839
8.436860558611704 -2.689049579354021 0.4070171129191839
8.528691133369403 -2.649462390268782 0.4070171129191839
8.620521708127104 -2.6098752011835424 0.4070171129191839
8.712352282884803 -2.570288012098303 0.4070171129191839
8.804182857642504 -2.5307008230130634 0.4070171129191839
8.896013432400203 -2.4911136339278244 0.4070171129191839
8.987844007157904 -2.451526444842585 0.4070171129191839
9.079674581915603 -2.4119392557573454 0.4070171129191839
9.171505156673303 -2.372352066672106 0.4070171129191839
9.263335731431003 -2.3327648775868663 0.4070171129191839
9.355166306188703 -2.2931776885016273 0.4070171129191839
9.446996880946402 -2.253590499416388 0.4070171129191839
9.538827455704103 -2.2140033103311483 0.4070171129191839
9.630658030461802 -2.1744161212459088 0.4070171129191839
9.722488605219503 -2.1348289321606693 0.4070171129191839
9.814319179977202 -2.09524174307543 0.4070171129191839
9.906149754734903 -2.0556545539901907 0.4070171129191839
9.997980329492602 -2.016067364904951 0.4070171129191839
10.089810904250303 -1.976480175819712 0.4070171129191839
10.181641479008002 -1.9368929867344724 0.4070171129191839
10.273472053765703 -1.897305797649233 0.4070171129191839
10.365302628523402 -1.8577186085639934 0.4070171129191839
10.457133203281103 -1.8181314194787541 0.4070171129191839
10.548963778038802 -1.7785442303935146 0.4070171129191839
10.640794352796503 -1.738957041308275 0.4070171129191839
10.732624927554202 -1.6993698522230358 0.4070171129191839
10.824455502311903 -1.6597826631377963 0.4070171129191839
10.916286077069602 -1.620195474052557 0.4070171129191839
11.0081166518273 -1.5806082849673175 0.4070171129191839
11.099947226585002 -1.541021095882078 0.4070171129191839
11.191777801342703 -1.5014339067968387 0.4070171129191839
11.283608376100402 -1.4618467177115992 0.4070171129191839
11.3754389508581 -1.42225952862636 0.4070171129191839
11.4672695256158 -1.3826723395411207 0.4070171129191839
11.559100100373499 -1.3430851504558814 0.4070171129191839
11.6509306751312 -1.3034979613706423 0.4070171129191839
11.742761249888899 -1.263910772285403 0.4070171129191839
11.834591824646598 -1.2243235832001638 0.4070171129191839
11.926422399404299 -1.1847363941149245 0.4070171129191839
12.018252974162 -1.1451492050296852 0.4070171129191839
12.110083548919697 -1.1055620159444457 0.4070171129191839
12.201914123677398 -1.065974826859207 0.4070171129191839
12.293744698435097 -1.0263876377739678 0.4070171129191839
12.385575273192796 -0.9868004486887281 0.4070171129191839
12.477405847950497 -0.947213259603489 0.4070171129191839
12.569236422708196 -0.9076260705182495 0.4070171129191839
12.661066997465895 -0.8680388814330109 0.4070171129191839
12.752897572223596 -0.8284516923477714 0.4070171129191839
12.844728146981293 -0.7888645032625319 0.4070171129191839
12.936558721738994 -0.7492773141772924 0.4070171129191839
13.028389296496693 -0.7096901250920533 0.4070171129191839
13.120219871254392 -0.6701029360068147 0.4070171129191839
13.212050446012093 -0.6305157469215752 0.4070171129191839
13.303881020769792 -0.5909285578363357 0.4070171129191839
13.39571159552749 -0.5513413687510962 0.4070171129191839
13.487542170285192 -0.5117541796658567 0.4070171129191839
13.579372745042889 -0.47216699058061806 0.4070171129191839
13.67120331980059 -0.432579801495379 0.4070171129191839
13.763033894558289 -0.3929926124101395 0.4070171129191839
13.854864469315988 -0.3534054233249 0.4070171129191839
13.946695044073689 -0.3138182342396614 0.4070171129191839
14.038525618831388 -0.27423104515442187 0.4070171129191839
14.130356193589087 -0.23464385606918237 0.4070171129191839
14.222186768346788 -0.1950566669839433 0.4070171129191839
14.314017343104485 -0.1554694778987038 0.4070171129191839
14.405847917862186 -0.11588228881346518 0.4070171129191839
14.497678492619885 -0.07629509972822568 0.4070171129191839
14.589509067377584 -0.036707910642986175 0.4070171129191839
14.681339642135285 0.00287927844225333 0.4070171129191839
14.773170216892984 0.04246646752749239 0.4070171129191839
14.865000791650683 0.08205365661273101 0.4070171129191839
14.956831366408384 0.12164084569797051 0.4070171129191839
15.048661941166083 0.16122803478321002 0.4070171129191839
15.140492515923782 0.20081522386844952 0.4070171129191839
15.232323090681483 0.24040241295368903 0.4070171129191839
15.32415366543918 0.27998960203892764 0.4070171129191839
15.415984240196881 0.3195767911241667 0.4070171129191839
15.50781481495458 0.3591639802094062 0.4070171129191839
15.599645389712279 0.3987511692946457 0.4070171129191839
15.69147596446998 0.43833835837988433 0.4070171129191839
15.78330653922768 0.47792554746512383 0.4070171129191839
15.875137113985378 0.5175127365503633 0.4070171129191839
15.966967688743079 0.5570999256356024 0.4070171129191839
16.05879826350078 0.5966871147208419 0.4070171129191839
16.150628838258477 0.6362743038060814 0.4070171129191839
16.242459413016178 0.67586149289132 0.4070171129191839
16.334289987773875 0.7154486819765595 0.4070171129191839
16.426120562531576 0.755035871061799 0.4070171129191839
16.517951137289277 0.7946230601470381 0.4070171129191839
16.609781712046974 0.8342102492322776 0.4070171129191839
16.701612286804675 0.8737974383175162 0.4070171129191839
16.793442861562376 0.9133846274027557 0.4070171129191839
16.885273436320073 0.9529718164879952 0.4070171129191839
16.977104011077774 0.9925590055732347 0.4070171129191839
17.06893458583547 1.0321461946584742 0.4070171129191839
17.160765160593172 1.0717333837437124 0.4070171129191839
17.252595735350873 1.1113205728289524 0.4070171129191839
17.34442631010857 1.1509077619141914 0.4070171129191839
17.43625688486627 1.1904949509994305 0.4070171129191839
17.528087459623972 1.2300821400846704 0.4070171129191839
17.61991803438167 1.2696693291699086 0.4070171129191839
17.71174860913937 1.3092565182551485 0.4070171129191839
17.803579183897067 1.3488437073403876 0.4070171129191839
17.89540975865477 1.3884308964256276 0.4070171129191839
17.98683350675641 1.4289225981490068 0.45396513520545495
18.07408644691488 1.4776733991752193 0.5650762463165657
18.155395725603157 1.5357984141531729 0.6761873574276764
18.229758556875755 1.6025807882657936 0.7872984685387872
18.296257825204545 1.6771968956336432 0.8984095796498979
18.35407339624889 1.7587264970788334 1.0095206907610086
18.402492231558455 1.8461640894190854 1.1206318018721193
18.44091718246426 1.9384313063213057 1.23174291298323
18.468874354702997 2.0343902177751607 1.3428540240943407
18.486018952946885 2.1328573641644537 1.4539651352054515
18.492139533158582 2.2326183518543683 1.5650762463165622
18.49 2.3 1.64
18.487860615107557 2.399950294962757 1.5704001480748164
18.48790023297853 2.499950287114878 1.5704001480748164
18.4879398508495 2.5999502792669995 1.5704001480748164
18.48797946872047 2.699950271419121 1.5704001480748164
18.488019086591443 2.799950263571242 1.5704001480748164
18.488058704462414 2.899950255723363 1.5704001480748164
18.488098322333386 2.9999502478754843 1.5704001480748164
18.488137940204357 3.0999502400276056 1.5704001480748164
18.48817755807533 3.1999502321797264 1.5704001480748164
18.4882171759463 3.2999502243318477 1.5704001480748164
18.488256793817275 3.399950216483969 1.5704001480748164
18.488296411688246 3.4999502086360903 1.5704001480748164
18.488336029559218 3.5999502007882116 1.5704001480748164
18.48837564743019 3.6999501929403324 1.5704001480748164
18.48841526530116 3.799950185092454 1.5704001480748164
18.488454883172132 3.899950177244575 1.5704001480748164
18.488494501043103 3.999950169396697 1.5704001480748164
18.488534118914075 4.099950161548818 1.5704001480748164
18.488573736785046 4.199950153700939 1.5704001480748164
18.488613354656017 4.29995014585306 1.5704001480748164
18.48865297252699 4.399950138005181 1.5704001480748164
18.48869259039796 4.499950130157303 1.5704001480748164
18.48873220826893 4.599950122309425 1.5704001480748164
18.488771826139903 4.699950114461545 1.5704001480748164
18.488811444010874 4.799950106613666 1.5704001480748164
18.488851061881846 4.899950098765788 1.5704001480748164
18.48889067975282 4.999950090917909 1.5704001480748164
18.488930297623792 5.099950083070031 1.5704001480748164
18.488969915494764 5.1999500752221515 1.5704001480748164
18.489009533365735 5.299950067374273 1.5704001480748164
18.489049151236706 5.399950059526395 1.5704001480748164
18.489088769107678 5.499950051678516 1.5704001480748164
18.48912838697865 5.599950043830637 1.5704001480748164
18.48916800484962 5.6999500359827575 1.5704001480748164
18.489207622720592 5.799950028134879 1.5704001480748164
18.489247240591563 5.899950020287001 1.5704001480748164
18.489286858462535 5.999950012439122 1.5704001480748164
18.489326476333506 6.099950004591243 1.5704001480748164
18.489366094204478 6.1999499967433644 1.5704001480748164
18.48940571207545 6.299949988895484 1.5704001480748164
18.48944532994642 6.399949981047606 1.5704001480748164
18.489484947817395 6.499949973199727 1.5704001480748164
18.489524565688367 6.599949965351847 1.5704001480748164
18.489564183559338 6.699949957503969 1.5704001480748164
18.48960380143031 6.799949949656089 1.5704001480748164
18.48964341930128 6.89994994180821 1.5704001480748164
18.489683037172252 6.99994993396033 1.5704001480748164
18.489722655043224 7.099949926112451 1.5704001480748164
18.489762272914195 7.199949918264573 1.5704001480748164
18.489801890785166 7.299949910416693 1.5704001480748164
18.489841508656138 7.399949902568815 1.5704001480748164
18.48988112652711 7.499949894720935 1.5704001480748164
18.48992074439808 7.599949886873056 1.5704001480748164
18.489960362269052 7.699949879025176 1.5704001480748164
18.489999980140023 7.799949871177297 1.5704001480748164
18.490039598010995 7.899949863329418 1.5704001480748164
18.49007921588197 7.999949855481539 1.5704001480748164
18.49011883375294 8.09994984763366 1.5704001480748164
18.490158451623913 8.19994983978578 1.5704001480748164
18.490198069494884 8.299949831937901 1.5704001480748164
18.490237687365855 8.399949824090022 1.5704001480748164
18.490277305236827 8.499949816242143 1.5704001480748164
18.490316923107798 8.599949808394264 1.5704001480748164
18.49035654097877 8.699949800546385 1.5704001480748164
18.49039615884974 8.799949792698506 1.5704001480748164
18.490435776720712 8.899949784850627 1.5704001480748164
18.490475394591684 8.999949777002747 1.5704001480748164
18.490515012462655 9.099949769154868 1.5704001480748164
18.490554630333627 9.19994976130699 1.5704001480748164
18.490594248204598 9.29994975345911 1.5704001480748164
18.49063386607557 9.39994974561123 1.5704001480748164
18.490673483946544 9.499949737763352 1.5704001480748164
18.490713101817516 9.599949729915473 1.5704001480748164
18.490752719688487 9.699949722067593 1.5704001480748164
18.49079233755946 9.799949714219714 1.5704001480748164
18.49083195543043 9.899949706371835 1.5704001480748164
18.4908715733014 9.999949698523956 1.5704001480748164
18.490911191172373 10.099949690676077 1.5704001480748164
18.490950809043344 10.199949682828198 1.5704001480748164
18.490990426914315 10.299949674980319 1.5704001480748164
18.491030044785287 10.39994966713244 1.5704001480748164
18.49106966265626 10.49994965928456 1.5704001480748164
18.49110928052723 10.599949651436681 1.5704001480748164
18.4911488983982 10.699949643588802 1.5704001480748164
18.491188516269172 10.799949635740923 1.5704001480748164
18.491228134140144 10.899949627893044 1.5704001480748164
18.49126775201112 10.999949620045165 1.5704001480748164
18.49130736988209 11.099949612197285 1.5704001480748164
18.49134698775306 11.199949604349406 1.5704001480748164
18.491386605624033 11.299949596501527 1.5704001480748164
18.491426223495004 11.399949588653648 1.5704001480748164
18.491465841365976 11.499949580805769 1.5704001480748164
18.491505459236947 11.59994957295789 1.5704001480748164
18.49154507710792 11.69994956511001 1.5704001480748164
18.49158469497889 11.799949557262131 1.5704001480748164
18.49162431284986 11.899949549414252 1.5704001480748164
18.491663930720833 11.999949541566373 1.5704001480748164
18.491703548591804 12.099949533718494 1.5704001480748164
18.491743166462776 12.199949525870615 1.5704001480748164
18.491782784333747 12.299949518022736 1.5704001480748164
18.49182240220472 12.399949510174856 1.5704001480748164
18.49186202007569 12.499949502326977 1.5704001480748164
18.491901637946665 12.599949494479098 1.5704001480748164
18.491941255817636 12.699949486631219 1.5704001480748164
18.491980873688608 12.79994947878334 1.5704001480748164
18.49202049155958 12.89994947093546 1.5704001480748164
18.49206010943055 12.999949463087582 1.5704001480748164
18.49209972730152 13.099949455239702 1.5704001480748164
18.492139345172493 13.199949447391823 1.5704001480748164
18.49000692709032 13.299899981939369 1.6398886026074588
18.49 13.3 1.64
18.47756281632151 13.39917173301472 1.751111111111111
18.454205903999412 13.496352856767087 1.8622222222222222
18.420217323434496 13.590344838117504 1.9733333333333332
18.376016255210416 13.679988475565152 2.0844444444444443
18.322147830346722 13.764178195660302 2.1955555555555555
18.259276407207306 13.841875688022794 2.3066666666666666
18.188177377980043 13.912122710806225 2.4177777777777774
18.109727605778176 13.974052908678267 2.528888888888889
18.024894610302525 14.026902497566198 2.6399999999999997
17.93679752600554 14.07417890281862 2.6073652274950527
17.853734129472524 14.129768365159917 2.496254116383941
17.77734684836682 14.194225323296903 2.3851430052728304
17.708577765721778 14.266754830665658 2.274031894161719
17.648275009459233 14.346462382090445 2.162920783050608
17.597182292442337 14.432364945700773 2.0518096719394965
17.555929740277506 14.523403086646658 1.9406985608283853
17.525026119986084 14.618454033090547 1.8295874497172742
17.504852565389367 14.716345523333205 1.718476338606163
17.49565787659167 14.815870263297239 1.6073652274950518
17.497555451532918 14.915800816064335 1.4962541163839407
17.510521887453763 15.01490473983381 1.3851430052728295
17.534397269521424 15.111959787606288 1.2740318941617184
17.56888714305661 15.20576898113508 1.1629207830506072
17.613566145038018 15.295175373238443 1.051809671939496
17.667883250097226 15.379076316409435 0.9406985608283849
17.73116856630516 15.456437061748765 0.8295874497172737
17.8026415969378 15.526303520505317 0.7184763386061626
17.881420866328952 15.58781403083641 0.607365227495051
17.966534791094592 15.640209984668594 0.4962541163839398
18.05693366265414 15.682845183598062 0.38514300527282863
18.151502593268468 15.715193808444532 0.27403189416171747
18.249075265931335 15.736856904170216 0.1629207830506063
18.348448318537113 15.747567300185487 0.05180967193949515
18.44839618492509 15.747192905359197 6.22388386800797
18.547686209765992 15.735738337096347 6.1127727568968595
18.645093850879107 15.7133448643917 6.001661645785748
18.739417781490097 15.680288665561697 5.890550534674636
18.829494706173573 15.63697742214198 5.779439423563526
18.914213707755735 15.583945290957981 5.668328312452414
18.992529948236882 15.521846316377925 5.557217201341303
19.063477554760624 15.451446363994794 5.4461060902301925
19.126181531707335 15.373613675219053 5.334994979119082
19.179868552000176 15.289308159272164 5.223883868007971
19.22387649453473 15.199569554642549 5.11277275689686
19.257662610107275 15.105504606008568 5.00166164578575
19.28081021513145 15.008273414775301 4.890550534674639
19.2930338305898 14.909075131563739 4.779439423563528
19.294182702841628 14.80913316710664 4.6683283124524175
19.284242662865076 14.709680103944867 4.557217201341307
19.263336301003417 14.611942495007957 4.446106090230196
19.23172145506046 14.517125736557787 4.334994979119085
19.189788030391302 14.42639920205706 4.223883868007975
19.138053191206264 14.34088182030637 4.112772756896864
19.0771549823935 14.261628275714397 4.001661645785753
19.007844460522286 14.189616000893121 3.8905505346746425
18.93097643107519 14.125733121998103 3.779439423563532
18.850045875278663 14.067025908373136 3.8101906996415726
18.775178358191656 14.00080981476877 3.9213018107526834
18.708114725517998 13.926700535055584 4.032412921863794
18.649682071894144 13.845612057714655 4.143524032974905
18.600601046239348 13.758544445552221 4.2546351440860155
18.56147696400481 13.666571501942157 4.365746255197126
18.53279234182858 13.570827527627312 4.476857366308237
18.514900946666078 13.472493331407815 4.587968477419348
18.508023432788306 13.372781667246313 4.699079588530458
18.51 13.3 4.78
18.51204154222926 13.200046352217372 4.712010920272085
18.5120037362189 13.100046359363844 4.712010920272085
18.51196593020854 13.000046366510317 4.712010920272085
18.511928124198178 12.900046373656789 4.712010920272085
18.51189031818782 12.800046380803261 4.712010920272085
18.51185251217746 12.700046387949733 4.712010920272085
18.5118147061671 12.600046395096205 4.712010920272085
18.51177690015674 12.500046402242678 4.712010920272085
18.51173909414638 12.40004640938915 4.712010920272085
18.51170128813602 12.300046416535622 4.712010920272085
18.51166348212566 12.200046423682096 4.712010920272085
18.5116256761153 12.100046430828566 4.712010920272085
18.51158787010494 12.000046437975039 4.712010920272085
18.511550064094582 11.900046445121513 4.712010920272085
18.51151225808422 11.800046452267985 4.712010920272085
18.51147445207386 11.700046459414457 4.712010920272085
18.5114366460635 11.60004646656093 4.712010920272085
18.51139884005314 11.500046473707402 4.712010920272085
18.511361034042782 11.400046480853874 4.712010920272085
18.51132322803242 11.300046488000346 4.712010920272085
18.511285422022063 11.200046495146818 4.712010920272085
18.5112476160117 11.10004650229329 4.712010920272085
18.51120981000134 11.000046509439763 4.712010920272085
18.511172003990982 10.900046516586235 4.712010920272085
18.51113419798062 10.800046523732707 4.712010920272085
18.511096391970263 10.70004653087918 4.712010920272085
18.5110585859599 10.600046538025651 4.712010920272085
18.51102077994954 10.500046545172124 4.712010920272085
18.510982973939182 10.400046552318596 4.712010920272085
18.51094516792882 10.300046559465068 4.712010920272085
18.510907361918463 10.20004656661154 4.712010920272085
18.5108695559081 10.100046573758013 4.712010920272085
18.510831749897743 10.000046580904485 4.712010920272085
18.510793943887382 9.900046588050957 4.712010920272085
18.51075613787702 9.80004659519743 4.712010920272085
18.510718331866663 9.700046602343901 4.712010920272085
18.5106805258563 9.600046609490374 4.712010920272085
18.510642719845944 9.500046616636846 4.712010920272085
18.510604913835582 9.400046623783318 4.712010920272085
18.51056710782522 9.300046630929792 4.712010920272085
18.510529301814863 9.200046638076264 4.712010920272085
18.5104914958045 9.100046645222736 4.712010920272085
18.510453689794144 9.00004665236921 4.712010920272085
18.510415883783782 8.90004665951568 4.712010920272085
18.510378077773424 8.800046666662155 4.712010920272085
18.510340271763063 8.700046673808629 4.712010920272085
18.5103024657527 8.6000466809551 4.712010920272085
18.510264659742344 8.500046688101573 4.712010920272085
18.510226853731982 8.400046695248045 4.712010920272085
18.510189047721624 8.300046702394518 4.712010920272085
18.510151241711263 8.200046709540992 4.712010920272085
18.5101134357009 8.100046716687464 4.712010920272085
18.510075629690544 8.000046723833936 4.712010920272085
18.510037823680182 7.900046730980409 4.712010920272085
18.510000017669825 7.800046738126881 4.712010920272085
18.509962211659463 7.7000467452733545 4.712010920272085
18.5099244056491 7.600046752419828 4.712010920272085
18.509886599638744 7.5000467595663 4.712010920272085
18.509848793628382 7.400046766712773 4.712010920272085
18.509810987618025 7.300046773859245 4.712010920272085
18.509773181607663 7.200046781005718 4.712010920272085
18.509735375597305 7.1000467881521905 4.712010920272085
18.509697569586944 7.000046795298664 4.712010920272085
18.509659763576582 6.900046802445137 4.712010920272085
18.509621957566225 6.800046809591609 4.712010920272085
18.509584151555863 6.700046816738081 4.712010920272085
18.509546345545505 6.600046823884554 4.712010920272085
18.509508539535144 6.500046831031026 4.712010920272085
18.509470733524783 6.4000468381775 4.712010920272085
18.509432927514425 6.300046845323973 4.712010920272085
18.509395121504063 6.200046852470445 4.712010920272085
18.509357315493705 6.100046859616918 4.712010920272085
18.509319509483344 6.000046866763389 4.712010920272085
18.509281703472986 5.900046873909862 4.712010920272085
18.509243897462625 5.800046881056335 4.712010920272085
18.509206091452263 5.700046888202807 4.712010920272085
18.509168285441906 5.60004689534928 4.712010920272085
18.509130479431544 5.500046902495754 4.712010920272085
18.509092673421186 5.400046909642226 4.712010920272085
18.509054867410825 5.300046916788699 4.712010920272085
18.509017061400463 5.200046923935172 4.712010920272085
18.508979255390106 5.1000469310816445 4.712010920272085
18.508941449379744 5.000046938228117 4.712010920272085
18.508903643369386 4.900046945374589 4.712010920272085
18.508865837359025 4.800046952521061 4.712010920272085
18.508828031348667 4.700046959667535 4.712010920272085
18.508790225338306 4.600046966814007 4.712010920272085
18.508752419327944 4.50004697396048 4.712010920272085
18.508714613317586 4.400046981106952 4.712010920272085
18.508676807307225 4.300046988253426 4.712010920272085
18.508639001296867 4.200046995399898 4.712010920272085
18.508601195286506 4.100047002546372 4.712010920272085
18.508563389276144 4.000047009692844 4.712010920272085
18.508525583265786 3.9000470168393164 4.712010920272085
18.508487777255425 3.8000470239857886 4.712010920272085
18.508449971245067 3.700047031132261 4.712010920272085
18.508412165234706 3.600047038278735 4.712010920272085
18.508374359224348 3.500047045425207 4.712010920272085
18.508336553213987 3.4000470525716793 4.712010920272085
18.508298747203625 3.3000470597181515 4.712010920272085
18.508260941193267 3.2000470668646237 4.712010920272085
18.508223135182906 3.1000470740110995 4.712010920272085
18.508185329172548 3.0000470811575717 4.712010920272085
18.508147523162187 2.900047088304044 4.712010920272085
18.508109717151825 2.800047095450516 4.712010920272085
18.508071911141467 2.7000471025969883 4.712010920272085
18.508034105131106 2.6000471097434623 4.712010920272085
18.507996299120748 2.5000471168899345 4.712010920272085
18.507958493110387 2.4000471240364067 4.712010920272085
18.50999368963195 2.3000932630179456 4.77989613748838
18.51 2.3 4.78
18.522279221754935 2.200808584645201 4.891111111111111
18.54548132865393 2.103590384690446 5.002222222222223
18.57932016950884 2.009544390535506 5.113333333333333
18.6233784104733 1.919830469820196 5.224444444444445
18.677112682013906 1.835555062796584 5.335555555555556
18.739860280277412 1.7577575366202538 5.446666666666667
18.810847340206024 1.6873973668529303 5.557777777777778
18.889198379601947 1.625342304266757 5.668888888888889
18.97394709643437 1.5723576728888462 5.78
19.06206620797913 1.5251199261708503 5.750550534674638
19.145218033884447 1.469662825492879 5.639439423563527
19.22170787567263 1.405327607530913 5.528328312452416
19.290592385431182 1.3329077174293738 5.417217201341305
19.351022011677646 1.2532963084561115 5.306106090230194
19.402251476863526 1.1674752267584079 5.194994979119082
19.44364896886957 1.0765029022712076 5.083883868007971
19.47470393313385 0.981501295118804 4.97277275689686
19.495033369312434 0.8836420584997922 4.861661645785749
19.504386554816126 0.7841320887081742 4.7505505346746375
19.50264813696783 0.6841986405019818 4.639439423563527
19.48983955564519 0.5850741913912982 4.528328312452415
19.46611877886291 0.487981241514182 4.4172172013413045
19.43177835455595 0.39411723656333253 4.306106090230193
19.387241802590825 0.30463979970882216 4.194994979119082
19.33305839150234 0.22065245465129912 4.0838838680079705
19.26989636437412 0.1431910158830414 3.97277275689686
19.19853469740806 0.073210814005507 3.861661645785748
19.11985349282416 0.011574913653345398 3.7505505346746366
19.03482312457485 -0.04095653066700278 3.639439423563526
18.94449227073962 -0.08373564954985957 3.5283283124524143
18.84997498019617 -0.11623484885261126 3.4172172013413036
18.752436933074623 -0.1380533165052733 3.306106090230192
18.6530810644444 -0.14892196571889604 3.1949949791190813
18.553132728536536 -0.1487067536283404 3.0838838680079697
18.453824586470887 -0.1374103344406441 2.972772756896859
18.356381403867587 -0.11517202670073123 2.8616616457857473
18.26200494583357 -0.08226609507817617 2.7505505346746357
18.171859155614026 -0.039098367865720185 2.639439423563525
18.08705579970024 0.013798768094134495 2.5283283124524134
18.008640756432452 0.07577293332696033 2.4172172013413027
17.93758111720012 0.1460598015113237 2.306106090230192
17.87475325932036 0.22379252590224974 2.1949949791190813
17.820932037691442 0.3080124301373275 2.0838838680079705
17.776781228520566 0.39768083157591616 1.9727727568968598
17.742845342983237 0.4916918513544102 1.861661645785749
17.71954291177624 0.5888860531713822 1.7505505346746384
17.707161323385698 0.6880647425956845 1.6394394235635277
17.705853279729784 0.7880047505443994 1.528328312452417
17.715634912888557 0.8874735186062497 1.4172172013413062
17.73638558614733 0.9852443001634343 1.3061060902301955
17.767849381807174 1.080111289836717 1.1949949791190848
17.809638257413546 1.1709044946625748 1.083883868007974
17.861236831477253 1.2565041635964374 0.9727727568968634
17.922008739665564 1.3358545973831961 0.8616616457857527
17.991204483072636 1.4079771684780882 0.750550534674642
18.067970671776738 1.4719823904434945 0.6394394235635312
18.148926627902675 1.5306564141075052 0.667005392461987
18.22389950929187 1.5967531857623836 0.7781165035730977
18.291081087271046 1.6707555623946437 0.8892276146842084
18.3496428125863 1.7517508739570768 1.0003387257953191
18.398862444479427 1.8387402066554037 1.1114498369064298
18.438132958070845 1.930650722535041 1.2225609480175406
18.466970030787092 2.026348890773273 1.3336720591286513
18.485018015502828 2.1246544674955303 1.444783170239762
18.492054326730774 2.2243550517029385 1.5558942813508727
18.49 2.3 1.64
18.487860615107557 2.399950294962757 1.5704001480748164
18.48790023297853 2.499950287114878 1.5704001480748164
18.4879398508495 2.5999502792669995 1.5704001480748164
18.48797946872047 2.699950271419121 1.5704001480748164
18.488019086591443 2.799950263571242 1.5704001480748164
18.488058704462414 2.899950255723363 1.5704001480748164
18.488098322333386 2.9999502478754843 1.5704001480748164
18.488137940204357 3.0999502400276056 1.5704001480748164
18.48817755807533 3.1999502321797264 1.5704001480748164
18.4882171759463 3.2999502243318477 1.5704001480748164
18.488256793817275 3.399950216483969 1.5704001480748164
18.488296411688246 3.4999502086360903 1.5704001480748164
18.488336029559218 3.5999502007882116 1.5704001480748164
18.48837564743019 3.6999501929403324 1.5704001480748164
18.48841526530116 3.799950185092454 1.5704001480748164
18.488454883172132 3.899950177244575 1.5704001480748164
18.488494501043103 3.999950169396697 1.5704001480748164
18.488534118914075 4.099950161548818 1.5704001480748164
18.488573736785046 4.199950153700939 1.5704001480748164
18.488613354656017 4.29995014585306 1.5704001480748164
18.48865297252699 4.399950138005181 1.5704001480748164
18.48869259039796 4.499950130157303 1.5704001480748164
18.48873220826893 4.599950122309425 1.5704001480748164
18.488771826139903 4.699950114461545 1.5704001480748164
18.488811444010874 4.799950106613666 1.5704001480748164
18.488851061881846 4.899950098765788 1.5704001480748164
18.48889067975282 4.999950090917909 1.5704001480748164
18.488930297623792 5.099950083070031 1.5704001480748164
18.488969915494764 5.1999500752221515 1.5704001480748164
18.489009533365735 5.299950067374273 1.5704001480748164
18.489049151236706 5.399950059526395 1.5704001480748164
18.489088769107678 5.499950051678516 1.5704001480748164
18.48912838697865 5.599950043830637 1.5704001480748164
18.48916800484962 5.6999500359827575 1.5704001480748164
18.489207622720592 5.799950028134879 1.5704001480748164
18.489247240591563 5.899950020287001 1.5704001480748164
18.489286858462535 5.999950012439122 1.5704001480748164
18.489326476333506 6.099950004591243 1.5704001480748164
18.489366094204478 6.1999499967433644 1.5704001480748164
18.48940571207545 6.299949988895484 1.5704001480748164
18.48944532994642 6.399949981047606 1.5704001480748164
18.489484947817395 6.499949973199727 1.5704001480748164
18.489524565688367 6.599949965351847 1.5704001480748164
18.489564183559338 6.699949957503969 1.5704001480748164
18.48960380143031 6.799949949656089 1.5704001480748164
18.48964341930128 6.89994994180821 1.5704001480748164
18.489683037172252 6.99994993396033 1.5704001480748164
18.489722655043224 7.099949926112451 1.5704001480748164
18.489762272914195 7.199949918264573 1.5704001480748164
18.489801890785166 7.299949910416693 1.5704001480748164
18.489841508656138 7.399949902568815 1.5704001480748164
18.48988112652711 7.499949894720935 1.5704001480748164
18.48992074439808 7.599949886873056 1.5704001480748164
18.489960362269052 7.699949879025176 1.5704001480748164
18.489999980140023 7.799949871177297 1.5704001480748164
18.490039598010995 7.899949863329418 1.5704001480748164
18.49007921588197 7.999949855481539 1.5704001480748164
18.49011883375294 8.09994984763366 1.5704001480748164
18.490158451623913 8.19994983978578 1.5704001480748164
18.490198069494884 8.299949831937901 1.5704001480748164
18.490237687365855 8.399949824090022 1.5704001480748164
18.490277305236827 8.499949816242143 1.5704001480748164
18.490316923107798 8.599949808394264 1.5704001480748164
18.49035654097877 8.699949800546385 1.5704001480748164
18.49039615884974 8.799949792698506 1.5704001480748164
18.490435776720712 8.899949784850627 1.5704001480748164
18.490475394591684 8.999949777002747 1.5704001480748164
18.490515012462655 9.099949769154868 1.5704001480748164
18.490554630333627 9.19994976130699 1.5704001480748164
18.490594248204598 9.29994975345911 1.5704001480748164
18.49063386607557 9.39994974561123 1.5704001480748164
18.490673483946544 9.499949737763352 1.5704001480748164
18.490713101817516 9.599949729915473 1.5704001480748164
18.490752719688487 9.699949722067593 1.5704001480748164
18.49079233755946 9.799949714219714 1.5704001480748164
18.49083195543043 9.899949706371835 1.5704001480748164
18.4908715733014 9.999949698523956 1.5704001480748164
18.490911191172373 10.099949690676077 1.5704001480748164
18.490950809043344 10.199949682828198 1.5704001480748164
18.490990426914315 10.299949674980319 1.5704001480748164
18.491030044785287 10.39994966713244 1.5704001480748164
18.49106966265626 10.49994965928456 1.5704001480748164
18.49110928052723 10.599949651436681 1.5704001480748164
18.4911488983982 10.699949643588802 1.5704001480748164
18.491188516269172 10.799949635740923 1.5704001480748164
18.491228134140144 10.899949627893044 1.5704001480748164
18.49126775201112 10.999949620045165 1.5704001480748164
18.49130736988209 11.099949612197285 1.5704001480748164
18.49134698775306 11.199949604349406 1.5704001480748164
18.491386605624033 11.299949596501527 1.5704001480748164
18.491426223495004 11.399949588653648 1.5704001480748164
18.491465841365976 11.499949580805769 1.5704001480748164
18.491505459236947 11.59994957295789 1.5704001480748164
18.49154507710792 11.69994956511001 1.5704001480748164
18.49158469497889 11.799949557262131 1.5704001480748164
18.49162431284986 11.899949549414252 1.5704001480748164
18.491663930720833 11.999949541566373 1.5704001480748164
18.491703548591804 12.099949533718494 1.5704001480748164
18.491743166462776 12.199949525870615 1.5704001480748164
18.491782784333747 12.299949518022736 1.5704001480748164
18.49182240220472 12.399949510174856 1.5704001480748164
18.49186202007569 12.499949502326977 1.5704001480748164
18.491901637946665 12.599949494479098 1.5704001480748164
18.491941255817636 12.699949486631219 1.5704001480748164
18.491980873688608 12.79994947878334 1.5704001480748164
18.49202049155958 12.89994947093546 1.5704001480748164
18.49206010943055 12.999949463087582 1.5704001480748164
18.49209972730152 13.099949455239702 1.5704001480748164
18.492139345172493 13.199949447391823 1.5704001480748164
18.49000692709032 13.299899981939369 1.6398886026074588
18.49 13.3 1.64
18.47756281632151 13.39917173301472 1.751111111111111
18.454205903999412 13.496352856767087 1.8622222222222222
18.420217323434496 13.590344838117504 1.9733333333333332
18.376016255210416 13.679988475565152 2.0844444444444443
18.322147830346722 13.764178195660302 2.1955555555555555
18.259276407207306 13.841875688022794 2.3066666666666666
18.188177377980043 13.912122710806225 2.4177777777777774
18.109727605778176 13.974052908678267 2.528888888888889
18.024894610302525 14.026902497566198 2.6399999999999997
17.93679752600554 14.07417890281862 2.6073652274950527
17.853734129472524 14.129768365159917 2.496254116383941
17.77734684836682 14.194225323296903 2.3851430052728304
17.708577765721778 14.266754830665658 2.274031894161719
17.648275009459233 14.346462382090445 2.162920783050608
17.597182292442337 14.432364945700773 2.0518096719394965
17.555929740277506 14.523403086646658 1.9406985608283853
17.525026119986084 14.618454033090547 1.8295874497172742
17.504852565389367 14.716345523333205 1.718476338606163
17.49565787659167 14.815870263297239 1.6073652274950518
17.497555451532918 14.915800816064335 1.4962541163839407
17.510521887453763 15.01490473983381 1.3851430052728295
17.534397269521424 15.111959787606288 1.2740318941617184
17.56888714305661 15.20576898113508 1.1629207830506072
17.613566145038018 15.295175373238443 1.051809671939496
17.667883250097226 15.379076316409435 0.9406985608283849
17.73116856630516 15.456437061748765 0.8295874497172737
17.8026415969378 15.526303520505317 0.7184763386061626
17.881420866328952 15.58781403083641 0.607365227495051
17.966534791094592 15.640209984668594 0.4962541163839398
18.05693366265414 15.682845183598062 0.38514300527282863
18.151502593268468 15.715193808444532 0.27403189416171747
18.249075265931335 15.736856904170216 0.1629207830506063
18.348448318537113 15.747567300185487 0.05180967193949515
18.44839618492509 15.747192905359197 6.22388386800797
18.547686209765992 15.735738337096347 6.1127727568968595
18.645093850879107 15.7133448643917 6.001661645785748
18.739417781490097 15.680288665561697 5.890550534674636
18.829494706173573 15.63697742214198 5.779439423563526
18.914213707755735 15.583945290957981 5.668328312452414
18.992529948236882 15.521846316377925 5.557217201341303
19.063477554760624 15.451446363994794 5.4461060902301925
19.126181531707335 15.373613675219053 5.334994979119082
19.179868552000176 15.289308159272164 5.223883868007971
19.22387649453473 15.199569554642549 5.11277275689686
19.257662610107275 15.105504606008568 5.00166164578575
19.28081021513145 15.008273414775301 4.890550534674639
19.2930338305898 14.909075131563739 4.779439423563528
19.294182702841628 14.80913316710664 4.6683283124524175
19.284242662865076 14.709680103944867 4.557217201341307
19.263336301003417 14.611942495007957 4.446106090230196
19.23172145506046 14.517125736557787 4.334994979119085
19.189788030391302 14.42639920205706 4.223883868007975
19.138053191206264 14.34088182030637 4.112772756896864
19.0771549823935 14.261628275714397 4.001661645785753
19.007844460522286 14.189616000893121 3.8905505346746425
18.93097643107519 14.125733121998103 3.779439423563532
18.850045875278663 14.067025908373136 3.8101906996415726
18.775178358191656 14.00080981476877 3.9213018107526834
18.708114725517998 13.926700535055584 4.032412921863794
18.649682071894144 13.845612057714655 4.143524032974905
18.600601046239348 13.758544445552221 4.2546351440860155
18.56147696400481 13.666571501942157 4.365746255197126
18.53279234182858 13.570827527627312 4.476857366308237
18.514900946666078 13.472493331407815 4.587968477419348
18.508023432788306 13.372781667246313 4.699079588530458
18.51 13.3 4.78
18.51204154222926 13.200046352217372 4.712010920272085
18.5120037362189 13.100046359363844 4.712010920272085
18.51196593020854 13.000046366510317 4.712010920272085
18.511928124198178 12.900046373656789 4.712010920272085
18.51189031818782 12.800046380803261 4.712010920272085
18.51185251217746 12.700046387949733 4.712010920272085
18.5118147061671 12.600046395096205 4.712010920272085
18.51177690015674 12.500046402242678 4.712010920272085
18.51173909414638 12.40004640938915 4.712010920272085
18.51170128813602 12.300046416535622 4.712010920272085
18.51166348212566 12.200046423682096 4.712010920272085
18.5116256761153 12.100046430828566 4.712010920272085
18.51158787010494 12.000046437975039 4.712010920272085
18.511550064094582 11.900046445121513 4.712010920272085
18.51151225808422 11.800046452267985 4.712010920272085
18.51147445207386 11.700046459414457 4.712010920272085
18.5114366460635 11.60004646656093 4.712010920272085
18.51139884005314 11.500046473707402 4.712010920272085
18.511361034042782 11.400046480853874 4.712010920272085
18.51132322803242 11.300046488000346 4.712010920272085
18.511285422022063 11.200046495146818 4.712010920272085
18.5112476160117 11.10004650229329 4.712010920272085
18.51120981000134 11.000046509439763 4.712010920272085
18.511172003990982 10.900046516586235 4.712010920272085
18.51113419798062 10.800046523732707 4.712010920272085
18.511096391970263 10.70004653087918 4.712010920272085
18.5110585859599 10.600046538025651 4.712010920272085
18.51102077994954 10.500046545172124 4.712010920272085
18.510982973939182 10.400046552318596 4.712010920272085
18.51094516792882 10.300046559465068 4.712010920272085
18.510907361918463 10.20004656661154 4.712010920272085
18.5108695559081 10.100046573758013 4.712010920272085
18.510831749897743 10.000046580904485 4.712010920272085
18.510793943887382 9.900046588050957 4.712010920272085
18.51075613787702 9.80004659519743 4.712010920272085
18.510718331866663 9.700046602343901 4.712010920272085
18.5106805258563 9.600046609490374 4.712010920272085
18.510642719845944 9.500046616636846 4.712010920272085
18.510604913835582 9.400046623783318 4.712010920272085
18.51056710782522 9.300046630929792 4.712010920272085
18.510529301814863 9.200046638076264 4.712010920272085
18.5104914958045 9.100046645222736 4.712010920272085
18.510453689794144 9.00004665236921 4.712010920272085
18.510415883783782 8.90004665951568 4.712010920272085
18.510378077773424 8.800046666662155 4.712010920272085
18.510340271763063 8.700046673808629 4.712010920272085
18.5103024657527 8.6000466809551 4.712010920272085
18.510264659742344 8.500046688101573 4.712010920272085
18.510226853731982 8.400046695248045 4.712010920272085
18.510189047721624 8.300046702394518 4.712010920272085
18.510151241711263 8.200046709540992 4.712010920272085
18.5101134357009 8.100046716687464 4.712010920272085
18.510075629690544 8.000046723833936 4.712010920272085
18.510037823680182 7.900046730980409 4.712010920272085
18.510000017669825 7.800046738126881 4.712010920272085
18.509962211659463 7.7000467452733545 4.712010920272085
18.5099244056491 7.600046752419828 4.712010920272085
18.509886599638744 7.5000467595663 4.712010920272085
18.509848793628382 7.400046766712773 4.712010920272085
18.509810987618025 7.300046773859245 4.712010920272085
18.509773181607663 7.200046781005718 4.712010920272085
18.509735375597305 7.1000467881521905 4.712010920272085
18.509697569586944 7.000046795298664 4.712010920272085
18.509659763576582 6.900046802445137 4.712010920272085
18.509621957566225 6.800046809591609 4.712010920272085
18.509584151555863 6.700046816738081 4.712010920272085
18.509546345545505 6.600046823884554 4.712010920272085
18.509508539535144 6.500046831031026 4.712010920272085
18.509470733524783 6.4000468381775 4.712010920272085
18.509432927514425 6.300046845323973 4.712010920272085
18.509395121504063 6.200046852470445 4.712010920272085
18.509357315493705 6.100046859616918 4.712010920272085
18.509319509483344 6.000046866763389 4.712010920272085
18.509281703472986 5.900046873909862 4.712010920272085
18.509243897462625 5.800046881056335 4.712010920272085
18.509206091452263 5.700046888202807 4.712010920272085
18.509168285441906 5.60004689534928 4.712010920272085
18.509130479431544 5.500046902495754 4.712010920272085
18.509092673421186 5.400046909642226 4.712010920272085
18.509054867410825 5.300046916788699 4.712010920272085
18.509017061400463 5.200046923935172 4.712010920272085
18.508979255390106 5.1000469310816445 4.712010920272085
18.508941449379744 5.000046938228117 4.712010920272085
18.508903643369386 4.900046945374589 4.712010920272085
18.508865837359025 4.800046952521061 4.712010920272085
18.508828031348667 4.700046959667535 4.712010920272085
18.508790225338306 4.600046966814007 4.712010920272085
18.508752419327944 4.50004697396048 4.712010920272085
18.508714613317586 4.400046981106952 4.712010920272085
18.508676807307225 4.300046988253426 4.712010920272085
18.508639001296867 4.200046995399898 4.712010920272085
18.508601195286506 4.100047002546372 4.712010920272085
18.508563389276144 4.000047009692844 4.712010920272085
18.508525583265786 3.9000470168393164 4.712010920272085
18.508487777255425 3.8000470239857886 4.712010920272085
18.508449971245067 3.700047031132261 4.712010920272085
18.508412165234706 3.600047038278735 4.712010920272085
18.508374359224348 3.500047045425207 4.712010920272085
18.508336553213987 3.4000470525716793 4.712010920272085
18.508298747203625 3.3000470597181515 4.712010920272085
18.508260941193267 3.2000470668646237 4.712010920272085
18.508223135182906 3.1000470740110995 4.712010920272085
18.508185329172548 3.0000470811575717 4.712010920272085
18.508147523162187 2.900047088304044 4.712010920272085
18.508109717151825 2.800047095450516 4.712010920272085
18.508071911141467 2.7000471025969883 4.712010920272085
18.508034105131106 2.6000471097434623 4.712010920272085
18.507996299120748 2.5000471168899345 4.712010920272085
18.507958493110387 2.4000471240364067 4.712010920272085
18.50999368963195 2.3000932630179456 4.77989613748838
