7.7 -3.0 0.35 2.5 0.75
15.9 0 1.75 2.5 0.75
12.9 16.3 0.24 2.5 0.75
23.3 18.9 4.66 2.5 0.75
22.3 0.0 3.14 2.5 0.75
16.9 0.0 1.75 2.5 0.75
14.04 15.56 0.24 2.5 0.75
22.27 17.61 4.66 2.5 0.75
21.4 1.0 3.14 2.5 0.75
17.72 1.0 1.75 2.5 0.75
15.17 14.81 0.24 2.5 0.75
21.25 16.33 4.66 2.5 0.75
21.5 2.0 4.66 2.5 0.75
20.0 3.0 1.64 1.6 0.50
20.0 15.5 1.64 2.5 0.75
19.0 15.5 4.78 1.6 0.50
19.0 3.0 4.78 2.5 0.75
18.0 3.0 1.64 1.6 0.50
18.0 14.5 1.64 2.5 0.75
17.0 14.5 4.78 1.6 0.50
17.0 7.5 4.78 2.5 0.75
16.0 7.5 1.64 1.6 0.50
16.0 14.8 1.64 2.5 0.75