21.5 3.3 1.64
21.495581532369766 3.399891911504739 1.5899999999999999
21.495272454155767 3.499889521662574 1.5698114443975009
21.495370942379587 3.599889473162911 1.5698114443975009
21.495469430603404 3.6998894246632483 1.5698114443975009
21.49556791882722 3.7998893761635855 1.5698114443975009
21.49566640705104 3.8998893276639226 1.5698114443975009
21.495764895274856 3.9998892791642593 1.5698114443975009
21.495863383498673 4.099889230664596 1.5698114443975009
21.49596187172249 4.199889182164934 1.5698114443975009
21.49606035994631 4.29988913366527 1.5698114443975009
21.496158848170126 4.399889085165608 1.5698114443975009
21.496257336393942 4.4998890366659445 1.5698114443975009
21.496355824617762 4.599888988166282 1.5698114443975009
21.49645431284158 4.69988893966662 1.5698114443975009
21.496552801065395 4.799888891166956 1.5698114443975009
21.49665128928921 4.899888842667294 1.5698114443975009
21.49674977751303 4.999888794167631 1.5698114443975009
21.496848265736848 5.099888745667968 1.5698114443975009
21.496946753960664 5.199888697168305 1.5698114443975009
21.49704524218448 5.299888648668642 1.5698114443975009
21.4971437304083 5.399888600168978 1.5698114443975009
21.497242218632117 5.499888551669316 1.5698114443975009
21.497340706855933 5.5998885031696535 1.5698114443975009
21.497439195079753 5.69988845466999 1.5698114443975009
21.49753768330357 5.799888406170327 1.5698114443975009
21.497636171527386 5.899888357670665 1.5698114443975009
21.497734659751202 5.999888309171002 1.5698114443975009
21.497833147975022 6.099888260671339 1.5698114443975009
21.49793163619884 6.199888212171676 1.5698114443975009
21.498030124422655 6.299888163672014 1.5698114443975009
21.498128612646475 6.399888115172351 1.5698114443975009
21.49822710087029 6.499888066672687 1.5698114443975009
21.498325589094108 6.599888018173025 1.5698114443975009
21.498424077317924 6.699887969673362 1.5698114443975009
21.498522565541744 6.799887921173699 1.5698114443975009
21.49862105376556 6.899887872674036 1.5698114443975009
21.498719541989377 6.999887824174373 1.5698114443975009
21.498818030213197 7.099887775674711 1.5698114443975009
21.498916518437014 7.199887727175048 1.5698114443975009
21.49901500666083 7.299887678675384 1.5698114443975009
21.499113494884647 7.399887630175722 1.5698114443975009
21.499211983108466 7.499887581676058 1.5698114443975009
21.499310471332283 7.599887533176394 1.5698114443975009
21.4994089595561 7.699887484676731 1.5698114443975009
21.49950744777992 7.799887436177068 1.5698114443975009
21.499605936003736 7.899887387677405 1.5698114443975009
21.499704424227552 7.999887339177742 1.5698114443975009
21.49980291245137 8.09988729067808 1.5698114443975009
21.49990140067519 8.199887242178416 1.5698114443975009
21.499999888899005 8.299887193678753 1.5698114443975009
21.50009837712282 8.39988714517909 1.5698114443975009
21.50019686534664 8.499887096679426 1.5698114443975009
21.500295353570458 8.599887048179763 1.5698114443975009
21.500393841794274 8.6998869996801 1.5698114443975009
21.50049233001809 8.799886951180437 1.5698114443975009
21.50059081824191 8.899886902680773 1.5698114443975009
21.500689306465727 8.99988685418111 1.5698114443975009
21.500787794689543 9.099886805681447 1.5698114443975009
21.50088628291336 9.199886757181783 1.5698114443975009
21.50098477113718 9.29988670868212 1.5698114443975009
21.501083259360996 9.399886660182457 1.5698114443975009
21.501181747584813 9.499886611682793 1.5698114443975009
21.501280235808633 9.59988656318313 1.5698114443975009
21.50137872403245 9.699886514683467 1.5698114443975009
21.501477212256265 9.799886466183803 1.5698114443975009
21.501575700480082 9.89988641768414 1.5698114443975009
21.501674188703902 9.999886369184477 1.5698114443975009
21.501772676927718 10.099886320684814 1.5698114443975009
21.501871165151535 10.19988627218515 1.5698114443975009
21.501969653375355 10.299886223685487 1.5698114443975009
21.50206814159917 10.399886175185824 1.5698114443975009
21.502166629822987 10.49988612668616 1.5698114443975009
21.502265118046804 10.599886078186497 1.5698114443975009
21.502363606270624 10.699886029686834 1.5698114443975009
21.50246209449444 10.79988598118717 1.5698114443975009
21.502560582718257 10.899885932687507 1.5698114443975009
21.502659070942077 10.999885884187844 1.5698114443975009
21.502757559165893 11.09988583568818 1.5698114443975009
21.50285604738971 11.199885787188517 1.5698114443975009
21.502954535613526 11.299885738688854 1.5698114443975009
21.503053023837346 11.39988569018919 1.5698114443975009
21.503151512061162 11.499885641689527 1.5698114443975009
21.50325000028498 11.599885593189864 1.5698114443975009
21.5033484885088 11.6998855446902 1.5698114443975009
21.503446976732615 11.799885496190537 1.5698114443975009
21.50354546495643 11.899885447690874 1.5698114443975009
21.503643953180248 11.99988539919121 1.5698114443975009
21.503742441404068 12.099885350691547 1.5698114443975009
21.503840929627884 12.199885302191884 1.5698114443975009
21.5039394178517 12.29988525369222 1.5698114443975009
21.50403790607552 12.399885205192557 1.5698114443975009
21.504136394299337 12.499885156692894 1.5698114443975009
21.504234882523154 12.59988510819323 1.5698114443975009
21.50433337074697 12.699885059693568 1.5698114443975009
21.50443185897079 12.799885011193904 1.5698114443975009
21.504530347194606 12.899884962694241 1.5698114443975009
21.504628835418423 12.999884914194578 1.5698114443975009
21.50472732364224 13.099884865694914 1.5698114443975009
21.504422787234564 13.199882517099027 1.5898871936240335
21.50001558807694 13.299774926399511 1.6398871936240333
21.5 13.3 1.64
21.49059453954989 13.399546241285101 1.69
21.47622559503276 13.49849799859003 1.74
21.456929081326702 13.596607944054606 1.79
21.43275322966655 13.693630853909838 1.8399999999999999
21.403758467090913 13.789324221409641 1.89
21.370017265406055 13.883448862971411 1.94
21.331613960044102 13.975769516010407 1.9899999999999998
21.28864453926841 14.066055426973701 2.04
21.241216404252878 14.154080928103875 2.09
21.189448100634944 14.2396260014909 2.1399999999999997
21.133469022213244 14.322476829002321 2.19
21.073419087530493 14.402426326717237 2.2399999999999998
21.009448390149995 14.479274662528253 2.29
20.941716823499906 14.552829755617681 2.34
20.870393681222932 14.62290775655955 2.39
20.795657234030394 14.689333506847426 2.44
20.71769428411828 14.751940976699446 2.49
20.636699698259058 14.810573680046321 2.54
20.552875920736206 14.865085065665008 2.5900000000000003
20.466432467338947 14.91533888348044 2.64
20.377609343972562 14.961258240549096 2.6795806797704933
20.28924503324655 15.008052101580084 2.629580679770493
20.203329873200627 15.059203857312932 2.579580679770493
20.120078606991147 15.114585654997626 2.5295806797704934
20.039699319427214 15.174059068982237 2.479580679770493
19.962392916867017 15.23747544670496 2.429580679770493
19.888352625056562 15.304676280248097 2.379580679770493
19.817763506165935 15.37549360252531 2.329580679770493
19.750801996230255 15.449750407111853 2.279580679770493
19.687635464151487 15.527261090668457 2.2295806797704927
19.62842179336333 15.607831916853014 2.179580679770493
19.573308987204875 15.691261500560536 2.129580679770493
19.522434798989323 15.777341311281043 2.0795806797704928
19.475926387692443 15.865856194317235 2.0295806797704925
19.43390000012137 15.956584908559176 1.9795806797704927
19.396460680358107 16.049300679471866 1.9295806797704926
19.363702007204047 16.14377176591346 1.8795806797704926
19.335705860281685 16.23976203936745 1.8295806797704925
19.312542215378215 16.337031574140966 1.7795806797704925
19.294268969542504 16.435337247054065 1.7295806797704927
19.280931796372617 16.534433345121073 1.6795806797704929
19.272564031855616 16.634072179705075 1.629580679770493
19.269186591044942 16.73400470561051 1.5795806797704932
19.270807915783692 16.83398114356647 1.5295806797704934
19.277423953604377 16.93375160454478 1.4795806797704936
19.289018167858025 17.033066714352458 1.4295806797704937
19.30556157904714 17.131678236937283 1.379580679770494
19.327012837259396 17.22933969484869 1.329580679770494
19.353318325520863 17.325806985302997 1.2795806797704943
19.38441229381052 17.420838990313264 1.2295806797704945
19.420217023401065 17.51419817935868 1.1795806797704946
19.46064302111527 17.605651203087156 1.1295806797704948
19.5055892430123 17.694969476567184 1.079580679770495
19.55494334694495 17.78192975063112 1.0295806797704952
19.608581973356507 17.866314669881845 0.9795806797704953
19.666371053615407 17.947913315968044 0.9295806797704955
19.72816614511697 18.026521734770252 0.8795806797704957
19.7938127923147 18.101943446179945 0.8295806797704959
19.86314691277872 18.173989935197454 0.779580679770496
19.93599520731638 18.242481123121337 0.7295806797704962
20.012175593129996 18.307245817651296 0.6795806797704964
20.091497658929008 18.368122140779807 0.6295806797704966
20.173763140859055 18.42495793340283 0.5795806797704968
20.258766418058347 18.47761113563831 0.5295806797704969
20.346295026602732 18.525950141901916 0.4795806797704971
20.436130190554877 18.569854129852466 0.4295806797704973
20.52804736879014 18.60921336238483 0.3795806797704975
20.621816816232478 18.64392946191557 0.32958067977049765
20.717204158097474 18.673915656275653 0.27958067977049783
20.813970975707225 18.699096995595692 0.229580679770498
20.911875402412896 18.719410539641572 0.17958067977049819
21.01067272813536 18.73480551513227 0.12958067977049836
21.110116011012966 18.745243442646604 0.07958067977049854
21.20995669462758 18.750698232801756 0.02958067977049872
21.309945229266184 18.75115625146314 6.262765986950085
21.40983169566521 18.74661635382263 6.212765986950085
21.509366429678522 18.73708988726 6.1627659869500855
21.60830064630778 18.72260066298037 6.112765986950086
21.70638706153535 18.703184896498588 6.062765986950086
21.803380510405578 18.678891117119328 6.012765986950086
21.899038559809505 18.649780046639084 5.962765986950086
21.99312211444137 18.6159244475733 5.912765986950086
22.085396014412357 18.577408941287988 5.8627659869500865
22.175629623027863 18.534329796490375 5.812765986950087
22.263597403259098 18.48679468860727 5.762765986950087
22.349079481468223 18.434922430652566 5.712765986950087
22.43186219697792 18.37884267625661 5.662765986950087
22.51173863611182 18.31869559559962 5.612765986950087
22.588509149370932 18.254631525059242 5.562765986950088
22.661981850453415 18.1868105914479 5.512765986950088
22.731973095870416 18.115402311779174 5.462765986950088
22.798307943959117 18.040585169563514 5.412765986950088
22.860820592145828 17.96254616869244 5.362765986950088
22.91935479136603 17.881480366026217 5.3127659869500885
22.9737642366057 17.797590383853247 5.262765986950089
23.023912932587628 17.71108590343991 5.212765986950089
23.069675533688798 17.622183140936567 5.162765986950089
23.11093765723916 17.53110430694982 5.112765986950089
23.14759616941873 17.4380770511317 5.062765986950089
23.179559443038446 17.34333389317409 5.01276598695009
23.206747586560414 17.247111641630596 4.96276598695009
23.229092643785137 17.149650802018506 4.91276598695009
23.24653876370663 17.05119497568022 4.86276598695009
23.259042340110863 16.951990250906782 4.81276598695009
23.266572120568554 16.852284587845304 4.7627659869500905
23.269109284549994 16.752327198727734 4.712765986950091
23.26664749046656 16.652367924970065 4.662765986950091
23.259192891521387 16.552656612698907 4.612765986950091
23.246764120329548 16.45344248826629 4.562765986950091
23.229392242346254 16.354973535313576 4.512765986950091
23.207120678219354 16.25749587494151 4.4627659869500915
23.18000509526037 16.161253150535643 4.412765986950092
23.148113268305167 16.06648591878474 4.362765986950092
23.1115249103122 15.973431048414358 4.312765986950092
23.07033147312159 15.88232112813839 4.262765986950092
23.0246359188732 15.79338388530839 4.212765986950092
22.97455246265486 15.706841616713817 4.162765986950093
22.920206287024154 15.622910632955811 4.112765986950093
22.86173322911722 15.541800717783358 4.062765986950093
22.79927944112665 15.463714603743163 4.012765986950093
22.733001024997108 15.388847465453862 3.9627659869500933
22.66306364225179 15.317386431771128 3.9127659869500935
22.589642099924873 15.24951011806298 3.8627659869500937
22.512919913634974 15.18538817976439 3.812765986950094
22.433088848891682 15.12518088832704 3.762765986950094
22.35089467641462 15.068228667104409 3.7569714936209415
22.270716083081282 15.00848496441235 3.8069714936209413
22.19362363274121 14.944808666303606 3.856971493620941
22.119810016371286 14.877358930361472 3.906971493620941
22.049459729571044 14.80630434579866 3.956971493620941
21.982748611419765 14.731822512072066 4.006971493620941
21.919843404970347 14.654099594976618 4.0569714936209404
21.860901340478517 14.573329861327737 4.10697149362094
21.806069742409072 14.489715193395488 4.15697149362094
21.755485661201433 14.40346458430402 4.20697149362094
21.70927553071495 14.314793615657614 4.25697149362094
21.667554852210063 14.223923918698937 4.30697149362094
21.630427905655324 14.131082620346362 4.356971493620939
21.59798748908178 14.03650177549496 4.406971493620939
21.570314686636227 13.940417787000106 4.456971493620939
21.547478665913054 13.843070814793464 4.506971493620939
21.52953650507131 13.744704175608225 4.556971493620939
21.51653305016899 13.645563734814 4.6069714936209385
21.508500803071293 13.54589729188143 4.656971493620938
21.505459840212843 13.445953961012563 4.706971493620938
21.507417762417084 13.345983548485096 4.756971493620938
21.51 13.3 4.78
21.514259368882225 13.200101178100065 4.73
21.514509534793266 13.100103026779685 4.711449514410438
21.51441558820966 13.000103070909496 4.711449514410438
21.514321641626054 12.90010311503931 4.711449514410438
21.514227695042447 12.800103159169122 4.711449514410438
21.514133748458843 12.700103203298935 4.711449514410438
21.514039801875235 12.600103247428748 4.711449514410438
21.51394585529163 12.50010329155856 4.711449514410438
21.513851908708023 12.400103335688373 4.711449514410438
21.51375796212442 12.300103379818186 4.711449514410438
21.51366401554081 12.200103423947997 4.711449514410438
21.513570068957208 12.10010346807781 4.711449514410438
21.513476122373604 12.000103512207623 4.711449514410438
21.513382175789996 11.900103556337436 4.711449514410438
21.513288229206392 11.800103600467247 4.711449514410438
21.513194282622784 11.70010364459706 4.711449514410438
21.51310033603918 11.600103688726874 4.711449514410438
21.513006389455573 11.500103732856685 4.711449514410438
21.51291244287197 11.400103776986498 4.711449514410438
21.51281849628836 11.300103821116311 4.711449514410438
21.512724549704757 11.200103865246124 4.711449514410438
21.51263060312115 11.100103909375935 4.711449514410438
21.512536656537545 11.000103953505748 4.711449514410438
21.512442709953937 10.900103997635561 4.711449514410438
21.512348763370333 10.800104041765373 4.711449514410438
21.512254816786726 10.700104085895186 4.711449514410438
21.51216087020312 10.600104130024999 4.711449514410438
21.512066923619518 10.50010417415481 4.711449514410438
21.51197297703591 10.400104218284623 4.711449514410438
21.511879030452306 10.300104262414436 4.711449514410438
21.5117850838687 10.200104306544247 4.711449514410438
21.511691137285094 10.10010435067406 4.711449514410438
21.511597190701487 10.000104394803873 4.711449514410438
21.511503244117883 9.900104438933687 4.711449514410438
21.511409297534275 9.800104483063498 4.711449514410438
21.51131535095067 9.70010452719331 4.711449514410438
21.511221404367063 9.600104571323122 4.711449514410438
21.51112745778346 9.500104615452937 4.711449514410438
21.51103351119985 9.400104659582748 4.711449514410438
21.510939564616248 9.300104703712561 4.711449514410438
21.51084561803264 9.200104747842374 4.711449514410438
21.510751671449036 9.100104791972187 4.711449514410438
21.510657724865432 9.000104836102 4.711449514410438
21.510563778281824 8.900104880231813 4.711449514410438
21.51046983169822 8.800104924361627 4.711449514410438
21.510375885114613 8.700104968491438 4.711449514410438
21.51028193853101 8.600105012621253 4.711449514410438
21.5101879919474 8.500105056751064 4.711449514410438
21.510094045363797 8.400105100880879 4.711449514410438
21.51000009878019 8.30010514501069 4.711449514410438
21.509906152196585 8.200105189140505 4.711449514410438
21.509812205612977 8.100105233270316 4.711449514410438
21.509718259029373 8.00010527740013 4.711449514410438
21.509624312445766 7.900105321529943 4.711449514410438
21.50953036586216 7.800105365659755 4.711449514410438
21.509436419278554 7.700105409789568 4.711449514410438
21.50934247269495 7.600105453919381 4.711449514410438
21.509248526111346 7.500105498049194 4.711449514410438
21.50915457952774 7.400105542179007 4.711449514410438
21.509060632944134 7.3001055863088204 4.711449514410438
21.508966686360527 7.2001056304386335 4.711449514410438
21.508872739776923 7.1001056745684465 4.711449514410438
21.508778793193315 7.00010571869826 4.711449514410438
21.50868484660971 6.900105762828072 4.711449514410438
21.508590900026103 6.800105806957885 4.711449514410438
21.5084969534425 6.700105851087698 4.711449514410438
21.50840300685889 6.600105895217511 4.711449514410438
21.508309060275288 6.500105939347324 4.711449514410438
21.50821511369168 6.400105983477137 4.711449514410438
21.508121167108076 6.30010602760695 4.711449514410438
21.508027220524472 6.200106071736763 4.711449514410438
21.507933273940864 6.100106115866576 4.711449514410438
21.50783932735726 6.000106159996388 4.711449514410438
21.507745380773652 5.900106204126201 4.711449514410438
21.50765143419005 5.800106248256014 4.711449514410438
21.50755748760644 5.7001062923858274 4.711449514410438
21.507463541022837 5.6001063365156405 4.711449514410438
21.50736959443923 5.5001063806454535 4.711449514410438
21.507275647855625 5.400106424775267 4.711449514410438
21.507181701272017 5.30010646890508 4.711449514410438
21.507087754688413 5.200106513034893 4.711449514410438
21.506993808104806 5.100106557164704 4.711449514410438
21.5068998615212 5.000106601294517 4.711449514410438
21.506805914937594 4.90010664542433 4.711449514410438
21.50671196835399 4.800106689554143 4.711449514410438
21.506618021770386 4.700106733683956 4.711449514410438
21.50652407518678 4.600106777813769 4.711449514410438
21.506430128603174 4.500106821943582 4.711449514410438
21.506336182019567 4.400106866073395 4.711449514410438
21.506242235435963 4.300106910203208 4.711449514410438
21.506148288852355 4.200106954333021 4.711449514410438
21.50605434226875 4.100106998462834 4.711449514410438
21.505960395685143 4.0001070425926475 4.711449514410438
21.50586644910154 3.9001070867224605 4.711449514410438
21.50577250251793 3.800107130852272 4.711449514410438
21.505678555934328 3.700107174982085 4.711449514410438
21.50558460935072 3.600107219111898 4.711449514410438
21.505490662767116 3.500107263241711 4.711449514410438
21.50573693893966 3.400109079598746 4.729894854942902
21.509985803931023 3.3002098103994406 4.779894854942902
21.51 3.3 4.78
21.519246905909917 3.200438905332639 4.83
21.53345823639845 3.1014643887841067 4.88
21.552598470540488 3.00332383510084 4.930000000000001
21.57661976771873 2.9062625445564385 4.98
21.605462087200266 2.8105231198287184 5.03
21.639053338207194 2.7163448596193707 5.08
21.677309560105975 2.6239631605318285 5.13
21.72013513226532 2.533608928702351 5.180000000000001
21.767423013057957 2.44550800265494 5.23
21.819055007408956 2.3598805888226373 5.28
21.87490206222186 2.2769407111461293 5.33
21.934824588944227 2.1968956761253526 5.38
21.998672812466296 2.1199455546612107 5.430000000000001
22.06628714548077 2.0462826819825177 5.48
22.137498587367986 1.9760911769080862 5.53
22.21212914660942 1.9095464816455732 5.58
22.28999228567382 1.8468149232773265 5.630000000000001
22.370893387263852 1.7880532980293053 5.680000000000001
22.45463024075803 1.7334084793621651 5.73
22.540993547631924 1.6830170508641027 5.78
22.629743250267396 1.6369559363553114 5.819543104067849
22.718031158883665 1.5900180834811604 5.769543104067849
22.80386281570989 1.5387263343714348 5.719543104067849
22.88702368630427 1.4832088916866812 5.669543104067849
22.967305911799663 1.4236045201206886 5.619543104067849
23.044508828442506 1.3600621995610143 5.569543104067849
23.11843946914769 1.2927407527168553 5.519543104067848
23.18891304581579 1.2218084481449925 5.469543104067848
23.255753411207063 1.1474425796660244 5.419543104067849
23.31879349921782 1.0698290232221526 5.369543104067849
23.377875742458677 0.9891617722841284 5.319543104067849
23.43285246609097 0.9056424529686034 5.269543104067848
23.483586256936942 0.8194798200778477 5.219543104067848
23.529950306941128 0.7308892353214556 5.169543104067849
23.571828730124444 0.6400921290242318 5.119543104067848
23.609116852238795 0.5473154466657038 5.069543104067848
23.641721472398174 0.4527910816346039 5.019543104067848
23.66956109603234 0.35675529561617214 4.969543104067848
23.6925661385808 0.2594481280609844 4.919543104067849
23.710679099417984 0.16111279621133345 4.869543104067848
23.723854705574844 0.06199508718479807 4.819543104067849
23.73206002489771 -0.037657256365567715 4.769543104067848
23.73527454836152 -0.13759515547881795 4.719543104067849
23.73349024133171 -0.23756881745382863 4.669543104067849
23.726711563646607 -0.3373283602009316 4.61954310406785
23.71495545847015 -0.43662443681703156 4.569543104067849
23.698251309942826 -0.5352088588229789 4.51954310406785
23.676640869736595 -0.6328352165055393 4.469543104067849
23.650178152697478 -0.7292594948133244 4.41954310406785
23.618929301836552 -0.824240683267365 4.36954310406785
23.582972423006886 -0.917541378361765 4.319543104067851
23.542397389679568 -1.0089283769488588 4.26954310406785
23.497305618306854 -1.098173259125601 4.219543104067851
23.447809814833832 -1.1850529591643904 4.16954310406785
23.39403369299227 -1.2693503230612002 4.119543104067851
23.336111665080704 -1.3508546513075101 4.069543104067851
23.274188506003714 -1.4293622255293341 4.019543104067852
23.208418991410024 -1.5046768176770753 3.9695431040678515
23.13896751083402 -1.576610180493442 3.9195431040678517
23.066007656807514 -1.6449825180335687 3.869543104067852
22.989721790968815 -1.709622935061227 3.819543104067852
22.9103005882536 -1.770369864197927 3.769543104067852
22.82794256030691 -1.8270714697572172 3.7195431040678524
22.742853559307363 -1.879586027254824 3.6695431040678526
22.65524626344397 -1.9277822776460551 3.6195431040678527
22.565339645331395 -1.9715397554050567 3.569543104067853
22.473358424692456 -2.0107490896258833 3.519543104067853
22.379532506675854 -2.045312277392809 3.4695431040678533
22.28409640721304 -2.075142928736578 3.4195431040678534
22.187288666850506 -2.100166482564334 3.3695431040678536
22.08935125452267 -2.1203203930235217 3.319543104067854
21.990528962755523 -2.1355542858339467 3.269543104067854
21.89106879581284 -2.1458300841972404 3.219543104067854
21.791219352314116 -2.151122103969029 3.1695431040678543
21.691230203867512 -2.151417117855913 3.1195431040678545
21.59135127127081 -2.1467143884768136 3.0695431040678547
21.491832199839553 -2.1370256702060457 3.019543104067855
21.39292173542379 -2.1223751797935 2.969543104067855
21.29486710267299 -2.1027995358353797 2.919543104067855
21.197913387103156 -2.0783476672467804 2.8695431040678554
21.1023029225107 -2.049080690964888 2.8195431040678556
21.008274685264134 -2.0150717591884595 2.7695431040678558
20.916063696987617 -1.976405876535428 2.719543104067856
20.825900437129285 -1.933179687575623 2.669543104067856
20.738010266882664 -1.8855012352696798 2.6195431040678563
20.65261286590106 -1.8334896909179053 2.5695431040678565
20.56992168321281 -1.7772750562940915 2.5195431040678566
20.49014340370991 -1.716997838708779 2.469543104067857
20.413477431543388 -1.652808699814167 2.419543104067857
20.340115391716793 -1.5848680790284329 2.369543104067857
20.27024065112348 -1.5133457925207487 2.3195431040678574
20.204027860224873 -1.4384206087592988 2.2695431040678575
20.141642516515258 -1.3602798016832027 2.2195431040678577
20.083240550864257 -1.2791186826152083 2.169543104067858
20.02896793777084 -1.1951401120850909 2.119543104067858
19.978960330503106 -1.1085539927839791 2.0695431040678582
19.93334272203577 -1.0195767449169493 2.0195431040678584
19.89222913263281 -0.9284307652652144 1.9695431040678586
19.855722324856185 -0.835343871309993 1.9195431040678588
19.823913546712962 -0.7405487318074568 1.869543104067859
19.79688230358281 -0.6442822852380097 1.8195431040678596
19.77469615949595 -0.5467851475834746 1.7695431040678589
19.75741056825828 -0.4483010109124663 1.71954310406786
19.745068734845734 -0.34907603427710887 1.6695431040678592
19.73770150741434 -0.24935822844362843 1.6195431040678603
19.735327300195898 -0.14939683599457254 1.5695431040678596
19.737952047471993 -0.04944170835218342 1.5195431040678606
19.74556918874137 0.05025731872006345 1.46954310406786
19.758159685117796 0.14945104957673028 1.419543104067861
19.77569206691733 0.24789155154977838 1.3695431040678603
19.798122512316155 0.34533277465109125 1.3195431040678613
19.825394956882334 0.4415311665693302 1.2695431040678606
19.857441233707657 0.5362462814238467 1.2195431040678617
19.894181243789447 0.6292413807541899 1.169543104067861
19.93552315623632 0.7202840252429383 1.119543104067862
19.981363637797617 0.8091466556929694 1.0695431040678613
20.03158811114269 0.895607161806915 1.0195431040678624
20.08607104124458 0.9794494373472578 0.9695431040678617
20.144676249152194 1.060463920289354 0.9195431040678628
20.207257252366762 1.138448116617381 0.8695431040678621
20.273657630971808 1.2132071064538974 0.8195431040678631
20.343711418601465 1.2845540312580468 0.7695431040678624
20.417243517269966 1.352310560874574 0.7195431040678635
20.494070135025424 1.4163073392663608 0.6695431040678628
20.57399924533397 1.4763844078163009 0.6195431040678638
20.656130644163593 1.533427483677194 0.6195534969301626
20.736059130095118 1.5935053829161268 0.6695534969301615
20.81288508273672 1.6575029597529165 0.7195534969301622
20.88641647721697 1.7252602535747603 0.7695534969301612
20.95646952334408 1.796607906434425 0.8195534969301619
21.02286912498565 1.8713675863568955 0.8695534969301608
21.085449317717828 1.9493524330764598 0.9195534969301615
21.144053683649908 2.0303675250900364 0.9695534969301605
21.198535742387634 2.1142103668594414 1.0195534969301612
21.24875931715786 2.200671394944753 1.06955349693016
21.2945988751796 2.289534501803798 1.1195534969301608
21.335939841430573 2.3805775759484327 1.1695534969301598
21.372678885025113 2.473573057107619 1.2195534969301605
21.404724177487562 2.5682885050095625 1.2695534969301594
21.431995622275625 2.664487180361367 1.31955349693016
21.454425054980028 2.761928636573948 1.369553496930159
21.47195641370003 2.8603693207533096 1.4195534969301598
21.48454587916899 2.9595631824559145 1.4695534969301587
21.4921619842797 3.0592622886866776 1.5195534969301594
21.494785692735775 3.159217443602305 1.5695534969301583
21.492410446632476 3.2591788113711537 1.619553496930159
21.49 3.3 1.64
21.485581532369764 3.399891911504739 1.5899999999999999
21.485272454155766 3.499889521662574 1.5698114443975009
21.485370942379586 3.599889473162911 1.5698114443975009
21.485469430603402 3.6998894246632483 1.5698114443975009
21.48556791882722 3.7998893761635855 1.5698114443975009
21.48566640705104 3.8998893276639226 1.5698114443975009
21.485764895274855 3.9998892791642593 1.5698114443975009
21.48586338349867 4.099889230664596 1.5698114443975009
21.485961871722488 4.199889182164934 1.5698114443975009
21.486060359946308 4.29988913366527 1.5698114443975009
21.486158848170124 4.399889085165608 1.5698114443975009
21.48625733639394 4.4998890366659445 1.5698114443975009
21.48635582461776 4.599888988166282 1.5698114443975009
21.486454312841577 4.69988893966662 1.5698114443975009
21.486552801065393 4.799888891166956 1.5698114443975009
21.48665128928921 4.899888842667294 1.5698114443975009
21.48674977751303 4.999888794167631 1.5698114443975009
21.486848265736846 5.099888745667968 1.5698114443975009
21.486946753960662 5.199888697168305 1.5698114443975009
21.48704524218448 5.299888648668642 1.5698114443975009
21.4871437304083 5.399888600168978 1.5698114443975009
21.487242218632115 5.499888551669316 1.5698114443975009
21.48734070685593 5.5998885031696535 1.5698114443975009
21.48743919507975 5.69988845466999 1.5698114443975009
21.487537683303568 5.799888406170327 1.5698114443975009
21.487636171527384 5.899888357670665 1.5698114443975009
21.4877346597512 5.999888309171002 1.5698114443975009
21.48783314797502 6.099888260671339 1.5698114443975009
21.487931636198837 6.199888212171676 1.5698114443975009
21.488030124422654 6.299888163672014 1.5698114443975009
21.488128612646474 6.399888115172351 1.5698114443975009
21.48822710087029 6.499888066672687 1.5698114443975009
21.488325589094107 6.599888018173025 1.5698114443975009
21.488424077317923 6.699887969673362 1.5698114443975009
21.488522565541743 6.799887921173699 1.5698114443975009
21.48862105376556 6.899887872674036 1.5698114443975009
21.488719541989376 6.999887824174373 1.5698114443975009
21.488818030213196 7.099887775674711 1.5698114443975009
21.488916518437012 7.199887727175048 1.5698114443975009
21.48901500666083 7.299887678675384 1.5698114443975009
21.489113494884645 7.399887630175722 1.5698114443975009
21.489211983108465 7.499887581676058 1.5698114443975009
21.48931047133228 7.599887533176394 1.5698114443975009
21.489408959556098 7.699887484676731 1.5698114443975009
21.489507447779918 7.799887436177068 1.5698114443975009
21.489605936003734 7.899887387677405 1.5698114443975009
21.48970442422755 7.999887339177742 1.5698114443975009
21.489802912451367 8.09988729067808 1.5698114443975009
21.489901400675187 8.199887242178416 1.5698114443975009
21.489999888899003 8.299887193678753 1.5698114443975009
21.49009837712282 8.39988714517909 1.5698114443975009
21.49019686534664 8.499887096679426 1.5698114443975009
21.490295353570456 8.599887048179763 1.5698114443975009
21.490393841794273 8.6998869996801 1.5698114443975009
21.49049233001809 8.799886951180437 1.5698114443975009
21.49059081824191 8.899886902680773 1.5698114443975009
21.490689306465725 8.99988685418111 1.5698114443975009
21.490787794689542 9.099886805681447 1.5698114443975009
21.49088628291336 9.199886757181783 1.5698114443975009
21.490984771137178 9.29988670868212 1.5698114443975009
21.491083259360995 9.399886660182457 1.5698114443975009
21.49118174758481 9.499886611682793 1.5698114443975009
21.49128023580863 9.59988656318313 1.5698114443975009
21.491378724032447 9.699886514683467 1.5698114443975009
21.491477212256264 9.799886466183803 1.5698114443975009
21.49157570048008 9.89988641768414 1.5698114443975009
21.4916741887039 9.999886369184477 1.5698114443975009
21.491772676927717 10.099886320684814 1.5698114443975009
21.491871165151533 10.19988627218515 1.5698114443975009
21.491969653375353 10.299886223685487 1.5698114443975009
21.49206814159917 10.399886175185824 1.5698114443975009
21.492166629822986 10.49988612668616 1.5698114443975009
21.492265118046802 10.599886078186497 1.5698114443975009
21.492363606270622 10.699886029686834 1.5698114443975009
21.49246209449444 10.79988598118717 1.5698114443975009
21.492560582718255 10.899885932687507 1.5698114443975009
21.492659070942075 10.999885884187844 1.5698114443975009
21.49275755916589 11.09988583568818 1.5698114443975009
21.492856047389708 11.199885787188517 1.5698114443975009
21.492954535613524 11.299885738688854 1.5698114443975009
21.493053023837344 11.39988569018919 1.5698114443975009
21.49315151206116 11.499885641689527 1.5698114443975009
21.493250000284977 11.599885593189864 1.5698114443975009
21.493348488508797 11.6998855446902 1.5698114443975009
21.493446976732614 11.799885496190537 1.5698114443975009
21.49354546495643 11.899885447690874 1.5698114443975009
21.493643953180246 11.99988539919121 1.5698114443975009
21.493742441404066 12.099885350691547 1.5698114443975009
21.493840929627883 12.199885302191884 1.5698114443975009
21.4939394178517 12.29988525369222 1.5698114443975009
21.49403790607552 12.399885205192557 1.5698114443975009
21.494136394299336 12.499885156692894 1.5698114443975009
21.494234882523152 12.59988510819323 1.5698114443975009
21.49433337074697 12.699885059693568 1.5698114443975009
21.49443185897079 12.799885011193904 1.5698114443975009
21.494530347194605 12.899884962694241 1.5698114443975009
21.49462883541842 12.999884914194578 1.5698114443975009
21.494727323642238 13.099884865694914 1.5698114443975009
21.494422787234562 13.199882517099027 1.5898871936240335
21.49001558807694 13.299774926399511 1.6398871936240333
21.49 13.3 1.64
21.480594539549887 13.399546241285101 1.69
21.466225595032757 13.49849799859003 1.74
21.4469290813267 13.596607944054606 1.79
21.422753229666547 13.693630853909838 1.8399999999999999
21.393758467090912 13.789324221409641 1.89
21.360017265406054 13.883448862971411 1.94
21.3216139600441 13.975769516010407 1.9899999999999998
21.27864453926841 14.066055426973701 2.04
21.231216404252876 14.154080928103875 2.09
21.179448100634943 14.2396260014909 2.1399999999999997
21.123469022213243 14.322476829002321 2.19
21.06341908753049 14.402426326717237 2.2399999999999998
20.999448390149993 14.479274662528253 2.29
20.931716823499904 14.552829755617681 2.34
20.86039368122293 14.62290775655955 2.39
20.785657234030392 14.689333506847426 2.44
20.70769428411828 14.751940976699446 2.49
20.626699698259056 14.810573680046321 2.54
20.542875920736204 14.865085065665008 2.5900000000000003
20.45643246733895 14.91533888348044 2.64
20.36760934397256 14.961258240549096 2.6795806797704933
20.27924503324655 15.008052101580084 2.629580679770493
20.193329873200625 15.059203857312932 2.579580679770493
20.110078606991145 15.114585654997626 2.5295806797704934
20.029699319427213 15.174059068982237 2.479580679770493
19.952392916867016 15.23747544670496 2.429580679770493
19.87835262505656 15.304676280248097 2.379580679770493
19.807763506165934 15.37549360252531 2.329580679770493
19.740801996230253 15.449750407111853 2.279580679770493
19.677635464151486 15.527261090668457 2.2295806797704927
19.61842179336333 15.607831916853014 2.179580679770493
19.563308987204874 15.691261500560536 2.129580679770493
19.512434798989318 15.777341311281043 2.0795806797704928
19.46592638769244 15.865856194317235 2.0295806797704925
19.423900000121368 15.956584908559176 1.9795806797704927
19.386460680358105 16.049300679471866 1.9295806797704926
19.353702007204046 16.14377176591346 1.8795806797704926
19.32570586028168 16.23976203936745 1.8295806797704925
19.30254221537821 16.337031574140966 1.7795806797704925
19.284268969542502 16.435337247054065 1.7295806797704927
19.270931796372615 16.534433345121073 1.6795806797704929
19.262564031855614 16.634072179705075 1.629580679770493
19.25918659104494 16.73400470561051 1.5795806797704932
19.260807915783687 16.83398114356647 1.5295806797704934
19.26742395360438 16.93375160454478 1.4795806797704936
19.27901816785802 17.033066714352458 1.4295806797704937
19.29556157904714 17.131678236937283 1.379580679770494
19.317012837259394 17.22933969484869 1.329580679770494
19.343318325520862 17.325806985302997 1.2795806797704943
19.374412293810515 17.420838990313264 1.2295806797704945
19.410217023401064 17.51419817935868 1.1795806797704946
19.45064302111527 17.605651203087156 1.1295806797704948
19.495589243012297 17.694969476567184 1.079580679770495
19.544943346944947 17.78192975063112 1.0295806797704952
19.59858197335651 17.866314669881845 0.9795806797704953
19.656371053615405 17.947913315968044 0.9295806797704955
19.718166145116967 18.026521734770252 0.8795806797704957
19.7838127923147 18.101943446179945 0.8295806797704959
19.85314691277872 18.173989935197454 0.779580679770496
19.92599520731638 18.242481123121337 0.7295806797704962
20.002175593129994 18.307245817651296 0.6795806797704964
20.081497658929006 18.368122140779807 0.6295806797704966
20.163763140859054 18.42495793340283 0.5795806797704968
20.248766418058345 18.47761113563831 0.5295806797704969
20.33629502660273 18.525950141901916 0.4795806797704971
20.426130190554872 18.569854129852466 0.4295806797704973
20.51804736879014 18.60921336238483 0.3795806797704975
20.611816816232476 18.64392946191557 0.32958067977049765
20.707204158097472 18.673915656275653 0.27958067977049783
20.803970975707223 18.699096995595692 0.229580679770498
20.901875402412895 18.719410539641572 0.17958067977049819
21.00067272813536 18.73480551513227 0.12958067977049836
21.100116011012965 18.745243442646604 0.07958067977049854
21.199956694627577 18.750698232801756 0.02958067977049872
21.299945229266182 18.75115625146314 6.262765986950085
21.39983169566521 18.74661635382263 6.212765986950085
21.499366429678524 18.73708988726 6.1627659869500855
21.598300646307777 18.72260066298037 6.112765986950086
21.696387061535347 18.703184896498588 6.062765986950086
21.793380510405576 18.678891117119328 6.012765986950086
21.889038559809503 18.649780046639084 5.962765986950086
21.983122114441365 18.6159244475733 5.912765986950086
22.075396014412355 18.577408941287988 5.8627659869500865
22.16562962302786 18.534329796490375 5.812765986950087
22.253597403259096 18.48679468860727 5.762765986950087
22.33907948146822 18.434922430652566 5.712765986950087
22.42186219697792 18.37884267625661 5.662765986950087
22.501738636111817 18.31869559559962 5.612765986950087
22.57850914937093 18.254631525059242 5.562765986950088
22.651981850453417 18.1868105914479 5.512765986950088
22.721973095870414 18.115402311779174 5.462765986950088
22.788307943959115 18.040585169563514 5.412765986950088
22.850820592145823 17.96254616869244 5.362765986950088
22.909354791366027 17.881480366026217 5.3127659869500885
22.963764236605698 17.797590383853247 5.262765986950089
23.01391293258763 17.71108590343991 5.212765986950089
23.059675533688797 17.622183140936567 5.162765986950089
23.100937657239157 17.53110430694982 5.112765986950089
23.137596169418728 17.4380770511317 5.062765986950089
23.169559443038445 17.34333389317409 5.01276598695009
23.196747586560413 17.247111641630596 4.96276598695009
23.219092643785135 17.149650802018506 4.91276598695009
23.23653876370663 17.05119497568022 4.86276598695009
23.24904234011086 16.951990250906782 4.81276598695009
23.256572120568553 16.852284587845304 4.7627659869500905
23.259109284549993 16.752327198727734 4.712765986950091
23.25664749046656 16.652367924970065 4.662765986950091
23.249192891521382 16.552656612698907 4.612765986950091
23.236764120329546 16.45344248826629 4.562765986950091
23.219392242346252 16.354973535313576 4.512765986950091
23.197120678219356 16.25749587494151 4.4627659869500915
23.170005095260368 16.161253150535643 4.412765986950092
23.13811326830517 16.06648591878474 4.362765986950092
23.101524910312197 15.973431048414358 4.312765986950092
23.060331473121593 15.88232112813839 4.262765986950092
23.0146359188732 15.79338388530839 4.212765986950092
22.964552462654858 15.706841616713817 4.162765986950093
22.910206287024153 15.622910632955811 4.112765986950093
22.851733229117222 15.541800717783358 4.062765986950093
22.789279441126645 15.463714603743163 4.012765986950093
22.723001024997103 15.388847465453862 3.9627659869500933
22.653063642251787 15.317386431771128 3.9127659869500935
22.57964209992487 15.24951011806298 3.8627659869500937
22.502919913634976 15.18538817976439 3.812765986950094
22.42308884889168 15.12518088832704 3.762765986950094
22.340894676414617 15.068228667104409 3.7569714936209415
22.26071608308128 15.00848496441235 3.8069714936209413
22.18362363274121 14.944808666303606 3.856971493620941
22.109810016371284 14.877358930361472 3.906971493620941
22.039459729571043 14.80630434579866 3.956971493620941
21.972748611419764 14.731822512072066 4.006971493620941
21.909843404970346 14.654099594976618 4.0569714936209404
21.850901340478515 14.573329861327737 4.10697149362094
21.796069742409067 14.489715193395488 4.15697149362094
21.745485661201432 14.40346458430402 4.20697149362094
21.69927553071495 14.314793615657614 4.25697149362094
21.657554852210062 14.223923918698937 4.30697149362094
21.620427905655323 14.131082620346362 4.356971493620939
21.58798748908178 14.03650177549496 4.406971493620939
21.560314686636225 13.940417787000106 4.456971493620939
21.537478665913053 13.843070814793464 4.506971493620939
21.519536505071308 13.744704175608225 4.556971493620939
21.50653305016899 13.645563734814 4.6069714936209385
21.49850080307129 13.54589729188143 4.656971493620938
21.495459840212842 13.445953961012563 4.706971493620938
21.497417762417083 13.345983548485096 4.756971493620938
21.5 13.3 4.78
21.504259368882224 13.200101178100065 4.73
21.504509534793264 13.100103026779685 4.711449514410438
21.504415588209657 13.000103070909496 4.711449514410438
21.504321641626053 12.90010311503931 4.711449514410438
21.504227695042445 12.800103159169122 4.711449514410438
21.50413374845884 12.700103203298935 4.711449514410438
21.504039801875233 12.600103247428748 4.711449514410438
21.50394585529163 12.50010329155856 4.711449514410438
21.50385190870802 12.400103335688373 4.711449514410438
21.503757962124418 12.300103379818186 4.711449514410438
21.50366401554081 12.200103423947997 4.711449514410438
21.503570068957206 12.10010346807781 4.711449514410438
21.503476122373602 12.000103512207623 4.711449514410438
21.503382175789994 11.900103556337436 4.711449514410438
21.50328822920639 11.800103600467247 4.711449514410438
21.503194282622783 11.70010364459706 4.711449514410438
21.50310033603918 11.600103688726874 4.711449514410438
21.50300638945557 11.500103732856685 4.711449514410438
21.502912442871967 11.400103776986498 4.711449514410438
21.50281849628836 11.300103821116311 4.711449514410438
21.502724549704755 11.200103865246124 4.711449514410438
21.502630603121148 11.100103909375935 4.711449514410438
21.502536656537544 11.000103953505748 4.711449514410438
21.502442709953936 10.900103997635561 4.711449514410438
21.502348763370332 10.800104041765373 4.711449514410438
21.502254816786724 10.700104085895186 4.711449514410438
21.50216087020312 10.600104130024999 4.711449514410438
21.502066923619516 10.50010417415481 4.711449514410438
21.50197297703591 10.400104218284623 4.711449514410438
21.501879030452304 10.300104262414436 4.711449514410438
21.501785083868697 10.200104306544247 4.711449514410438
21.501691137285093 10.10010435067406 4.711449514410438
21.501597190701485 10.000104394803873 4.711449514410438
21.50150324411788 9.900104438933687 4.711449514410438
21.501409297534273 9.800104483063498 4.711449514410438
21.50131535095067 9.70010452719331 4.711449514410438
21.50122140436706 9.600104571323122 4.711449514410438
21.501127457783458 9.500104615452937 4.711449514410438
21.50103351119985 9.400104659582748 4.711449514410438
21.500939564616246 9.300104703712561 4.711449514410438
21.50084561803264 9.200104747842374 4.711449514410438
21.500751671449034 9.100104791972187 4.711449514410438
21.50065772486543 9.000104836102 4.711449514410438
21.500563778281823 8.900104880231813 4.711449514410438
21.50046983169822 8.800104924361627 4.711449514410438
21.50037588511461 8.700104968491438 4.711449514410438
21.500281938531007 8.600105012621253 4.711449514410438
21.5001879919474 8.500105056751064 4.711449514410438
21.500094045363795 8.400105100880879 4.711449514410438
21.500000098780188 8.30010514501069 4.711449514410438
21.499906152196584 8.200105189140505 4.711449514410438
21.499812205612976 8.100105233270316 4.711449514410438
21.499718259029372 8.00010527740013 4.711449514410438
21.499624312445764 7.900105321529943 4.711449514410438
21.49953036586216 7.800105365659755 4.711449514410438
21.499436419278553 7.700105409789568 4.711449514410438
21.49934247269495 7.600105453919381 4.711449514410438
21.499248526111344 7.500105498049194 4.711449514410438
21.499154579527737 7.400105542179007 4.711449514410438
21.499060632944133 7.3001055863088204 4.711449514410438
21.498966686360525 7.2001056304386335 4.711449514410438
21.49887273977692 7.1001056745684465 4.711449514410438
21.498778793193313 7.00010571869826 4.711449514410438
21.49868484660971 6.900105762828072 4.711449514410438
21.4985909000261 6.800105806957885 4.711449514410438
21.498496953442498 6.700105851087698 4.711449514410438
21.49840300685889 6.600105895217511 4.711449514410438
21.498309060275286 6.500105939347324 4.711449514410438
21.49821511369168 6.400105983477137 4.711449514410438
21.498121167108074 6.30010602760695 4.711449514410438
21.49802722052447 6.200106071736763 4.711449514410438
21.497933273940863 6.100106115866576 4.711449514410438
21.49783932735726 6.000106159996388 4.711449514410438
21.49774538077365 5.900106204126201 4.711449514410438
21.497651434190047 5.800106248256014 4.711449514410438
21.49755748760644 5.7001062923858274 4.711449514410438
21.497463541022835 5.6001063365156405 4.711449514410438
21.497369594439228 5.5001063806454535 4.711449514410438
21.497275647855624 5.400106424775267 4.711449514410438
21.497181701272016 5.30010646890508 4.711449514410438
21.497087754688412 5.200106513034893 4.711449514410438
21.496993808104804 5.100106557164704 4.711449514410438
21.4968998615212 5.000106601294517 4.711449514410438
21.496805914937593 4.90010664542433 4.711449514410438
21.49671196835399 4.800106689554143 4.711449514410438
21.496618021770384 4.700106733683956 4.711449514410438
21.496524075186777 4.600106777813769 4.711449514410438
21.496430128603173 4.500106821943582 4.711449514410438
21.496336182019565 4.400106866073395 4.711449514410438
21.49624223543596 4.300106910203208 4.711449514410438
21.496148288852353 4.200106954333021 4.711449514410438
21.49605434226875 4.100106998462834 4.711449514410438
21.49596039568514 4.0001070425926475 4.711449514410438
21.495866449101538 3.9001070867224605 4.711449514410438
21.49577250251793 3.800107130852272 4.711449514410438
21.495678555934326 3.700107174982085 4.711449514410438
21.49558460935072 3.600107219111898 4.711449514410438
21.495490662767114 3.500107263241711 4.711449514410438
21.495736938939658 3.400109079598746 4.729894854942902
21.499985803931022 3.3002098103994406 4.779894854942902
