-5.05 13.03 4.83 2.5 0.75
-5.014149073963022 12.732149853535514 4.832188728189097 2.5 0.75
-4.978295056128774 12.434300076961582 4.832188728189097 2.5 0.75
-4.9424410382945245 12.136450300387649 4.832188728189097 2.5 0.75
-4.92 11.95 4.83 2.5 0.75
-4.919333560368916 11.650665979365636 4.599230769230769 2.5 0.75
-4.987150389525377 11.359114649864157 4.368461538461538 2.5 0.75
-5.119854939506219 11.090803631705569 4.137692307692308 2.5 0.75
-5.310411411375965 10.859958378170933 3.906923076923077 2.5 0.75
-5.548716782878612 10.67881796312255 3.6761538461538463 2.5 0.75
-5.8221364557326485 10.556986183412544 3.4453846153846155 2.5 0.75
-6.116174123342089 10.500922379780288 3.2146153846153847 2.5 0.75
-6.415240343528385 10.513598972161432 2.9838461538461543 2.5 0.75
-6.7034790676939 10.5943438663799 2.7530769230769234 2.5 0.75
-6.965608305063341 10.738876087586906 2.5223076923076926 2.5 0.75
-7.187730351228625 10.939532751214763 2.291538461538462 2.5 0.75
-7.358068623878287 11.18567533778126 2.0607692307692314 2.5 0.75
-7.467592039771002 11.464253731455477 1.830000000000001 2.5 0.75
-7.532359301798294 11.757160371483916 1.7837871890308787 2.5 0.75
-7.595774537453457 12.050381291417677 1.7837871890308787 2.5 0.75
-7.65918977310862 12.343602211351435 1.7837871890308787 2.5 0.75
-7.722605008763783 12.636823131285196 1.7837871890308787 2.5 0.75
-7.786020244418946 12.930044051218955 1.7837871890308787 2.5 0.75
-7.849435480074108 13.223264971152714 1.7837871890308787 2.5 0.75
-7.912850715729271 13.516485891086473 1.7837871890308787 2.5 0.75
-7.976265951384434 13.809706811020233 1.7837871890308787 2.5 0.75
-8.0417146621326 14.102447550009904 1.8404859496849615 2.5 0.75
-8.154153162236119 14.379862192279175 2.0712551804541923 2.5 0.75
-8.327063061665788 14.624205120824564 2.302024411223423 2.5 0.75
-8.551276933332513 14.822521635021271 2.532793641992654 2.5 0.75
-8.814907289431096 14.964297286648236 2.763562872761884 2.5 0.75
-9.10397683845898 15.042015340379223 2.9943321035311157 2.5 0.75
-9.403159540535672 15.051555299970605 3.2251013343003465 2.5 0.75
-9.696593171366015 14.99241137087693 3.4558705650695782 2.5 0.75
-9.968720313907962 14.867719276729503 3.686639795838809 2.5 0.75
-10.205113189610687 14.684090007908019 3.9174090266080412 2.5 0.75
-10.393238597890907 14.451259316609995 4.148178257377271 2.5 0.75
-10.523122407887968 14.181571541670966 4.378947488146503 2.5 0.75
-10.587878372127722 13.889325129979914 4.609716718915735 2.5 0.75
-10.584073225177073 13.590014553976324 4.840485949684966 2.5 0.75
-10.526 13.339 5.039 2.5 0.75
-10.428340736333974 13.055340605523607 5.044016674437401 2.5 0.75
-10.330665996547971 12.771686511233156 5.044016674437401 2.5 0.75
-10.232991256761968 12.488032416942703 5.044016674437401 2.5 0.75
-10.135316516975966 12.204378322652252 5.044016674437401 2.5 0.75
-10.037641777189963 11.920724228361799 5.044016674437401 2.5 0.75
-9.93996703740396 11.637070134071347 5.044016674437401 2.5 0.75
-9.842292297617957 11.353416039780894 5.044016674437401 2.5 0.75
-9.744617557831955 11.069761945490443 5.044016674437401 2.5 0.75
-9.646942818045952 10.786107851199992 5.044016674437401 2.5 0.75
-9.54926807825995 10.502453756909539 5.044016674437401 2.5 0.75
-9.451593338473947 10.218799662619087 5.044016674437401 2.5 0.75
-9.353918598687944 9.935145568328636 5.044016674437401 2.5 0.75
-9.256243858901941 9.651491474038185 5.044016674437401 2.5 0.75
-9.158569119115938 9.367837379747732 5.044016674437401 2.5 0.75
-9.060894379329936 9.084183285457279 5.044016674437401 2.5 0.75
-8.963219639543933 8.800529191166827 5.044016674437401 2.5 0.75
-8.865544899757932 8.516875096876376 5.044016674437401 2.5 0.75
-8.767870159971928 8.233221002585925 5.044016674437401 2.5 0.75
-8.670195420185927 7.949566908295472 5.044016674437401 2.5 0.75
-8.572520680399922 7.6659128140050194 5.044016674437401 2.5 0.75
-8.474845940613921 7.382258719714567 5.044016674437401 2.5 0.75
-8.377171200827918 7.098604625424117 5.044016674437401 2.5 0.75
-8.279496461041916 6.814950531133665 5.044016674437401 2.5 0.75
-8.181821721255911 6.5312964368432125 5.044016674437401 2.5 0.75
-8.08414698146991 6.24764234255276 5.044016674437401 2.5 0.75
-7.986472241683908 5.963988248262309 5.044016674437401 2.5 0.75
-7.888797501897904 5.680334153971856 5.044016674437401 2.5 0.75
-7.791122762111902 5.396680059681404 5.044016674437401 2.5 0.75
-7.693448022325898 5.11302596539095 5.044016674437401 2.5 0.75
-7.595773282539895 4.8293718711004985 5.044016674437401 2.5 0.75
-7.498098542753892 4.545717776810044 5.044016674437401 2.5 0.75
-7.4004238029678895 4.262063682519594 5.044016674437401 2.5 0.75
-7.302749063181887 3.9784095882291393 5.044016674437401 2.5 0.75
-7.205074323395884 3.694755493938686 5.044016674437401 2.5 0.75
-7.1073995836098804 3.411101399648233 5.044016674437401 2.5 0.75
-7.009724843823879 3.127447305357782 5.044016674437401 2.5 0.75
-6.912050104037875 2.8437932110673305 5.044016674437401 2.5 0.75
-6.814375364251871 2.5601391167768774 5.044016674437401 2.5 0.75
-6.716700624465869 2.2764850224864226 5.044016674437401 2.5 0.75
-6.619025884679866 1.992830928195973 5.044016674437401 2.5 0.75
-6.521351144893863 1.7091768339055182 5.044016674437401 2.5 0.75
-6.42367640510786 1.425522739615067 5.044016674437401 2.5 0.75
-6.326001665321857 1.141868645324612 5.044016674437401 2.5 0.75
-6.228326925535855 0.8582145510341626 5.044016674437401 2.5 0.75
-6.1306521857498515 0.5745604567437077 5.044016674437401 2.5 0.75
-6.032977445963849 0.2909063624532564 5.044016674437401 2.5 0.75
-5.935302706177845 0.007252268162801556 5.044016674437401 2.5 0.75
-5.8376279663918424 -0.27640182612764796 5.044016674437401 2.5 0.75
-5.73995322660584 -0.5600559204181028 5.044016674437401 2.5 0.75
-5.642278486819837 -0.8437100147085559 5.044016674437401 2.5 0.75
-5.544603747033833 -1.1273641089990072 5.044016674437401 2.5 0.75
-5.446929007247831 -1.411018203289462 5.044016674437401 2.5 0.75
-5.349254267461828 -1.6946722975799116 5.044016674437401 2.5 0.75
-5.251579527675824 -1.9783263918703664 5.044016674437401 2.5 0.75
-5.1539047878898225 -2.2619804861608195 5.044016674437401 2.5 0.75
-5.05623004810382 -2.5456345804512726 5.044016674437401 2.5 0.75
-4.958555308317816 -2.829288674741724 5.044016674437401 2.5 0.75
-4.860880568531813 -3.1129427690321787 5.044016674437401 2.5 0.75
-4.763205828745809 -3.39659686332263 5.044016674437401 2.5 0.75
-4.665531088959808 -3.680250957613085 5.044016674437401 2.5 0.75
-4.5678563491738045 -3.9639050519035326 5.044016674437401 2.5 0.75
-4.470181609387801 -4.2475591461939874 5.044016674437401 2.5 0.75
-4.372506869601798 -4.531213240484442 5.044016674437401 2.5 0.75
-4.274832129815796 -4.814867334774894 5.044016674437401 2.5 0.75
-4.177157390029794 -5.098521429065345 5.044016674437401 2.5 0.75
-4.07948265024379 -5.382175523355796 5.044016674437401 2.5 0.75
-3.9818079104577864 -5.665829617646251 5.044016674437401 2.5 0.75
-3.8841331706717828 -5.949483711936702 5.044016674437401 2.5 0.75
-3.786458430885782 -6.233137806227157 5.044016674437401 2.5 0.75
-3.688783691099778 -6.516791900517612 5.044016674437401 2.5 0.75
-3.591108951313773 -6.800445994808067 5.044016674437401 2.5 0.75
-3.4934342115277737 -7.084100089098511 5.044016674437401 2.5 0.75
-3.3957594717417683 -7.3677541833889695 5.044016674437401 2.5 0.75
-3.2980847319557647 -7.651408277679428 5.044016674437401 2.5 0.75
-3.2004099921697637 -7.935062371969872 5.044016674437401 2.5 0.75
-3.10273525238376 -8.218716466260327 5.044016674437401 2.5 0.75
-3.0050605125977565 -8.502370560550785 5.044016674437401 2.5 0.75
-2.9073857728117556 -8.78602465484123 5.044016674437401 2.5 0.75
-2.809711033025752 -9.069678749131684 5.044016674437401 2.5 0.75
-2.7120362932397484 -9.35333284342214 5.044016674437401 2.5 0.75
-2.6143615534537474 -9.63698693771259 5.044016674437401 2.5 0.75
-2.5166868136677447 -9.920641032003045 5.044016674437401 2.5 0.75
-2.4190120738817384 -10.2042951262935 5.044016674437401 2.5 0.75
-2.3213373340957357 -10.487949220583952 5.044016674437401 2.5 0.75
-2.223662594309733 -10.771603314874403 5.044016674437401 2.5 0.75
-2.1259878545237303 -11.055257409164858 5.044016674437401 2.5 0.75
-2.0283131147377276 -11.338911503455313 5.044016674437401 2.5 0.75
-1.9306383749517266 -11.622565597745757 5.044016674437401 2.5 0.75
-1.8329636351657221 -11.906219692036212 5.044016674437401 2.5 0.75
-1.7352888953797194 -12.18987378632667 5.044016674437401 2.5 0.75
-1.6376141555937185 -12.473527880617118 5.044016674437401 2.5 0.75
-1.539939415807714 -12.757181974907569 5.044016674437401 2.5 0.75
-1.4422646760217113 -13.040836069198024 5.044016674437401 2.5 0.75
-1.3445899362357103 -13.324490163488475 5.044016674437401 2.5 0.75
-1.246915196449704 -13.60814425777893 5.044016674437401 2.5 0.75
-1.1492404566637013 -13.891798352069385 5.044016674437401 2.5 0.75
-1.0515657168777004 -14.175452446359829 5.044016674437401 2.5 0.75
-0.9538909770916959 -14.459106540650287 5.044016674437401 2.5 0.75
-0.8562162373056932 -14.742760634940742 5.044016674437401 2.5 0.75
-0.7585414975196887 -15.026414729231197 5.044016674437401 2.5 0.75
-0.6608667577336877 -15.310068823521641 5.044016674437401 2.5 0.75
-0.563192017947685 -15.593722917812096 5.044016674437401 2.5 0.75
-0.46551727816168054 -15.877377012102555 5.044016674437401 2.5 0.75
-0.3678425383756796 -16.161031106393004 5.044016674437401 2.5 0.75
-0.2701677985896751 -16.44468520068346 5.044016674437401 2.5 0.75
-0.1724930588036706 -16.728339294973914 5.044016674437401 2.5 0.75
-0.07481831901767144 -17.01199338926436 5.044016674437401 2.5 0.75
0.0228564207683295 -17.295647483554802 5.044016674437401 2.5 0.75
0.12053116055433222 -17.579301577845257 5.044016674437401 2.5 0.75
0.21820590034033316 -17.862955672135705 5.044016674437401 2.5 0.75
0.3158806401263341 -18.146609766426153 5.044016674437401 2.5 0.75
0.4135553799123386 -18.430263860716607 5.044016674437401 2.5 0.75
0.5112301196983395 -18.713917955007055 5.044016674437401 2.5 0.75
0.6089048594843405 -18.99757204929751 5.044016674437401 2.5 0.75
0.7065795992703414 -19.28122614358795 5.044016674437401 2.5 0.75
0.8042538889370334 -19.564880392730927 5.043160914545023 2.5 0.75
0.806 -19.57 5.039 2.5 0.75
0.9340386994815799 -19.840568644683714 5.2697692307692305 2.5 0.75
1.1205693879535286 -20.07467888006247 5.500538461538461 2.5 0.75
1.3557024842404146 -20.259918527766352 5.731307692307692 2.5 0.75
1.6230033810853066 -20.395627313545134 5.786754999969695 2.5 0.75
1.8680409005671728 -20.567551465708494 5.555985769200464 2.5 0.75
2.0672590590616364 -20.790964592845175 5.325216538431233 2.5 0.75
2.2100956045007374 -21.054021661440448 5.094447307662002 2.5 0.75
2.288977554537656 -21.342775774847148 4.863678076892771 2.5 0.75
2.2997227048683326 -21.641917617114803 4.6329088461235415 2.5 0.75
2.2417613635171056 -21.93558713027489 4.402139615354311 2.5 0.75
2.1181665550625324 -22.208214391153167 4.17137038458508 2.5 0.75
1.9354910934200418 -22.445345105664423 3.940601153815849 2.5 0.75
1.7034201613414508 -22.634406954103206 3.709831923046619 2.5 0.75
1.43425781635236 -22.765376156936888 3.479062692277388 2.5 0.75
1.1422746478230523 -22.8313089207687 3.2482934615081573 2.5 0.75
0.8429511714299842 -22.828709587991973 3.0175242307389265 2.5 0.75
0.5521570751143261 -22.757715971385437 2.7867549999696957 2.5 0.75
0.28530983170271496 -22.62209204748357 2.5559857692004657 2.5 0.75
0.05655728730442866 -22.429028396108627 2.325216538431235 2.5 0.75
-0.12197243656098022 -22.188760966465203 2.094447307662004 2.5 0.75
-0.24081395802601446 -21.914028382255047 1.8636780768927732 2.5 0.75
-0.29366647542008417 -21.619396558692106 1.6329088461235433 2.5 0.75
-0.2777278264535612 -21.320486439224666 1.4021396153543124 2.5 0.75
-0.1938430547172474 -21.03314579622117 1.1713703845850816 2.5 0.75
-0.06491181902930543 -20.76246052645151 1.1953248582279974 2.5 0.75
0.012066451006116141 -20.47319309656479 1.4260940889972273 2.5 0.75
0.02084097743809854 -20.173986967388245 1.656863319766459 2.5 0.75
-0.039053452144977796 -19.88070560528722 1.88763255053569 2.5 0.75
-0.045 -19.863 1.902 2.5 0.75
-0.1411569538530833 -19.57882782600666 1.8970244740593387 2.5 0.75
-0.23729867367240054 -19.294650469923905 1.8970244740593387 2.5 0.75
-0.3334403934917177 -19.01047311384115 1.8970244740593387 2.5 0.75
-0.42958211331103496 -18.7262957577584 1.8970244740593387 2.5 0.75
-0.5257238331303522 -18.442118401675646 1.8970244740593387 2.5 0.75
-0.6218655529496695 -18.157941045592892 1.8970244740593387 2.5 0.75
-0.7180072727689868 -17.873763689510138 1.8970244740593387 2.5 0.75
-0.814148992588304 -17.589586333427388 1.8970244740593387 2.5 0.75
-0.910290712407621 -17.305408977344634 1.8970244740593387 2.5 0.75
-1.0064324322269382 -17.02123162126188 1.8970244740593387 2.5 0.75
-1.1025741520462553 -16.737054265179125 1.8970244740593387 2.5 0.75
-1.1987158718655726 -16.452876909096375 1.8970244740593387 2.5 0.75
-1.2948575916848897 -16.16869955301362 1.8970244740593387 2.5 0.75
-1.390999311504207 -15.884522196930867 1.8970244740593387 2.5 0.75
-1.4871410313235245 -15.600344840848114 1.8970244740593387 2.5 0.75
-1.5832827511428411 -15.316167484765362 1.8970244740593387 2.5 0.75
-1.6794244709621584 -15.031990128682608 1.8970244740593387 2.5 0.75
-1.775566190781476 -14.747812772599854 1.8970244740593387 2.5 0.75
-1.8717079106007932 -14.463635416517102 1.8970244740593387 2.5 0.75
-1.9678496304201105 -14.17945806043435 1.8970244740593387 2.5 0.75
-2.0639913502394274 -13.895280704351595 1.8970244740593387 2.5 0.75
-2.1601330700587447 -13.611103348268841 1.8970244740593387 2.5 0.75
-2.2562747898780615 -13.326925992186089 1.8970244740593387 2.5 0.75
-2.352416509697379 -13.042748636103337 1.8970244740593387 2.5 0.75
-2.448558229516696 -12.758571280020583 1.8970244740593387 2.5 0.75
-2.544699949336013 -12.474393923937832 1.8970244740593387 2.5 0.75
-2.6408416691553307 -12.190216567855074 1.8970244740593387 2.5 0.75
-2.736983388974648 -11.906039211772322 1.8970244740593387 2.5 0.75
-2.8331251087939653 -11.621861855689568 1.8970244740593387 2.5 0.75
-2.929266828613283 -11.337684499606816 1.8970244740593387 2.5 0.75
-3.0254085484326003 -11.053507143524062 1.8970244740593387 2.5 0.75
-3.1215502682519176 -10.769329787441308 1.8970244740593387 2.5 0.75
-3.2176919880712354 -10.485152431358554 1.8970244740593387 2.5 0.75
-3.3138337078905526 -10.200975075275798 1.8970244740593387 2.5 0.75
-3.40997542770987 -9.916797719193045 1.8970244740593387 2.5 0.75
-3.506117147529187 -9.632620363110293 1.8970244740593387 2.5 0.75
-3.602258867348505 -9.348443007027539 1.8970244740593387 2.5 0.75
-3.6984005871678223 -9.064265650944785 1.8970244740593387 2.5 0.75
-3.79454230698714 -8.780088294862031 1.8970244740593387 2.5 0.75
-3.890684026806457 -8.495910938779279 1.8970244740593387 2.5 0.75
-3.9868257466257746 -8.211733582696525 1.8970244740593387 2.5 0.75
-4.082967466445092 -7.9275562266137705 1.8970244740593387 2.5 0.75
-4.17910918626441 -7.643378870531016 1.8970244740593387 2.5 0.75
-4.275250906083727 -7.359201514448264 1.8970244740593387 2.5 0.75
-4.371392625903044 -7.07502415836551 1.8970244740593387 2.5 0.75
-4.467534345722362 -6.790846802282756 1.8970244740593387 2.5 0.75
-4.56367606554168 -6.5066694462 1.8970244740593387 2.5 0.75
-4.659817785360996 -6.22249209011725 1.8970244740593387 2.5 0.75
-4.755959505180314 -5.9383147340344955 1.8970244740593387 2.5 0.75
-4.852101224999632 -5.65413737795174 1.8970244740593387 2.5 0.75
-4.948242944818949 -5.369960021868984 1.8970244740593387 2.5 0.75
-5.044384664638267 -5.08578266578623 1.8970244740593387 2.5 0.75
-5.140526384457584 -4.801605309703477 1.8970244740593387 2.5 0.75
-5.236668104276902 -4.517427953620723 1.8970244740593387 2.5 0.75
-5.332809824096219 -4.233250597537969 1.8970244740593387 2.5 0.75
-5.428951543915536 -3.949073241455215 1.8970244740593387 2.5 0.75
-5.5250932637348535 -3.664895885372463 1.8970244740593387 2.5 0.75
-5.621234983554172 -3.380718529289709 1.8970244740593387 2.5 0.75
-5.717376703373489 -3.0965411732069548 1.8970244740593387 2.5 0.75
-5.813518423192806 -2.8123638171242007 1.8970244740593387 2.5 0.75
-5.909660143012124 -2.5281864610414466 1.8970244740593387 2.5 0.75
-6.005801862831441 -2.2440091049586925 1.8970244740593387 2.5 0.75
-6.101943582650758 -1.9598317488759385 1.8970244740593387 2.5 0.75
-6.198085302470076 -1.6756543927931844 1.8970244740593387 2.5 0.75
-6.294227022289394 -1.3914770367104303 1.8970244740593387 2.5 0.75
-6.390368742108711 -1.1072996806276763 1.8970244740593387 2.5 0.75
-6.486510461928028 -0.8231223245449222 1.8970244740593387 2.5 0.75
-6.582652181747346 -0.5389449684621681 1.8970244740593387 2.5 0.75
-6.678793901566664 -0.25476761237941403 1.8970244740593387 2.5 0.75
-6.77493562138598 0.02940974370333649 1.8970244740593387 2.5 0.75
-6.871077341205298 0.3135870997860941 1.8970244740593387 2.5 0.75
-6.967219061024616 0.5977644558688446 1.8970244740593387 2.5 0.75
-7.063360780843933 0.8819418119515987 1.8970244740593387 2.5 0.75
-7.159502500663251 1.1661191680343563 1.8970244740593387 2.5 0.75
-7.2556442204825675 1.4502965241171069 1.8970244740593387 2.5 0.75
-7.351785940301885 1.7344738801998574 1.8970244740593387 2.5 0.75
-7.447927660121204 2.018651236282615 1.8970244740593387 2.5 0.75
-7.54406937994052 2.302828592365369 1.8970244740593387 2.5 0.75
-7.6402110997598385 2.587005948448123 1.8970244740593387 2.5 0.75
-7.736352819579155 2.8711833045308772 1.8970244740593387 2.5 0.75
-7.832494539398472 3.1553606606136277 1.8970244740593387 2.5 0.75
-7.928636259217791 3.4395380166963854 1.8970244740593387 2.5 0.75
-8.024777979037108 3.723715372779136 1.8970244740593387 2.5 0.75
-8.120919698856426 4.0078927288618935 1.8970244740593387 2.5 0.75
-8.217061418675742 4.292070084944644 1.8970244740593387 2.5 0.75
-8.313203138495059 4.576247441027402 1.8970244740593387 2.5 0.75
-8.409344858314379 4.860424797110159 1.8970244740593387 2.5 0.75
-8.505486578133695 5.14460215319291 1.8970244740593387 2.5 0.75
-8.601628297953011 5.42877950927566 1.8970244740593387 2.5 0.75
-8.69777001777233 5.712956865358418 1.8970244740593387 2.5 0.75
-8.793911737591648 5.997134221441172 1.8970244740593387 2.5 0.75
-8.890053457410966 6.281311577523926 1.8970244740593387 2.5 0.75
-8.986195177230282 6.56548893360668 1.8970244740593387 2.5 0.75
-9.082336897049599 6.849666289689431 1.8970244740593387 2.5 0.75
-9.178478616868919 7.133843645772188 1.8970244740593387 2.5 0.75
-9.274620336688235 7.418021001854939 1.8970244740593387 2.5 0.75
-9.370762056507552 7.702198357937693 1.8970244740593387 2.5 0.75
-9.46690377632687 7.986375714020447 1.8970244740593387 2.5 0.75
-9.563045496146186 8.270553070103201 1.8970244740593387 2.5 0.75
-9.659187215965506 8.554730426185955 1.8970244740593387 2.5 0.75
-9.755328935784823 8.83890778226871 1.8970244740593387 2.5 0.75
-9.851470655604139 9.12308513835146 1.8970244740593387 2.5 0.75
-9.947612375423457 9.407262494434217 1.8970244740593387 2.5 0.75
-10.043754095242774 9.691439850516968 1.8970244740593387 2.5 0.75
-10.139895815062093 9.975617206599726 1.8970244740593387 2.5 0.75
-10.23603753488141 10.259794562682476 1.8970244740593387 2.5 0.75
-10.332179254700726 10.54397191876523 1.8970244740593387 2.5 0.75
-10.428320974520043 10.828149274847977 1.8970244740593387 2.5 0.75
-10.524462694339357 11.112326630930728 1.8970244740593387 2.5 0.75
-10.620604414158674 11.396503987013482 1.8970244740593387 2.5 0.75
-10.716746133977992 11.680681343096232 1.8970244740593387 2.5 0.75
-10.812887853797308 11.964858699178986 1.8970244740593387 2.5 0.75
-10.909029573616623 12.249036055261733 1.8970244740593387 2.5 0.75
-11.00517129343594 12.533213411344484 1.8970244740593387 2.5 0.75
-11.101313013255256 12.817390767427234 1.8970244740593387 2.5 0.75
-11.197454733074572 13.101568123509985 1.8970244740593387 2.5 0.75
-11.293596452893889 13.385745479592735 1.8970244740593387 2.5 0.75
-11.382 13.647 1.902 2.5 0.75
-11.446101808059677 13.939390591938928 1.671230769230769 2.5 0.75
-11.441626868292056 14.238691903270823 1.4404615384615385 2.5 0.75
-11.368812435384019 14.529035421213269 1.2096923076923076 2.5 0.75
-11.240543862894038 14.7999911077022 1.157002935120771 2.5 0.75
-11.152539538769943 15.08609692551508 1.3877721658900015 2.5 0.75
-11.13230810654477 15.384747204605915 1.6185413966592324 2.5 0.75
-11.180922206827555 15.680107948958668 1.8493106274284632 2.5 0.75
-11.295804391934187 15.95651956882303 2.080079858197694 2.5 0.75
-11.470863778350912 16.199327128998398 2.3108490889669246 2.5 0.75
-11.696818976368235 16.395657331819738 2.5416183197361555 2.5 0.75
-11.961690175633715 16.535101040356842 2.7723875505053854 2.5 0.75
-12.251434296975622 16.610265155456553 3.0031567812746163 2.5 0.75
-12.550689535687242 16.61716458692353 3.233926012043847 2.5 0.75
-12.843589821688331 16.555433537107447 3.464695242813078 2.5 0.75
-13.114606015090738 16.428344894953295 3.695464473582309 2.5 0.75
-13.349369238223625 16.24263671227097 3.9262337043515387 2.5 0.75
-13.535432692272293 16.008154962195626 4.15700293512077 2.5 0.75
-13.66293156813927 15.737331520256836 4.38777216589 2.5 0.75
-13.72510606403005 15.444525044727959 4.618541396659231 2.5 0.75
-13.718659780144744 15.145259701804683 4.849310627428462 2.5 0.75
-13.643934488919214 14.855402097277604 5.080079858197693 2.5 0.75
-13.504892014756123 14.590320052564046 5.310849088966923 2.5 0.75
-13.308904183955649 14.364067825549501 5.541618319736154 2.5 0.75
-13.066361981389916 14.188640974624455 5.7723875505053845 2.5 0.75
-12.798677107686045 14.053596404380007 5.7456751417720024 2.5 0.75
-12.560906949777532 13.871754021919052 5.5149059110027725 2.5 0.75
-12.371032061885765 13.640347827103518 5.284136680233541 2.5 0.75
-12.239119329692477 13.371646634072638 5.05336744946431 2.5 0.75
-12.233 13.354 5.039 2.5 0.75
-12.13534115216945 13.070340462333277 5.044015175870438 2.5 0.75
-12.037666837458213 12.786686221671005 5.044015175870438 2.5 0.75
-11.939992522746975 12.503031981008734 5.044015175870438 2.5 0.75
-11.842318208035737 12.219377740346461 5.044015175870438 2.5 0.75
-11.744643893324499 11.93572349968419 5.044015175870438 2.5 0.75
-11.646969578613259 11.652069259021918 5.044015175870438 2.5 0.75
-11.549295263902021 11.368415018359647 5.044015175870438 2.5 0.75
-11.451620949190783 11.084760777697376 5.044015175870438 2.5 0.75
-11.353946634479545 10.801106537035103 5.044015175870438 2.5 0.75
-11.256272319768305 10.51745229637283 5.044015175870438 2.5 0.75
-11.158598005057067 10.23379805571056 5.044015175870438 2.5 0.75
-11.06092369034583 9.950143815048289 5.044015175870438 2.5 0.75
-10.963249375634591 9.666489574386016 5.044015175870438 2.5 0.75
-10.865575060923353 9.382835333723746 5.044015175870438 2.5 0.75
-10.767900746212113 9.099181093061475 5.044015175870438 2.5 0.75
-10.670226431500875 8.815526852399202 5.044015175870438 2.5 0.75
-10.572552116789637 8.53187261173693 5.044015175870438 2.5 0.75
-10.4748778020784 8.248218371074659 5.044015175870438 2.5 0.75
-10.377203487367161 7.964564130412388 5.044015175870438 2.5 0.75
-10.279529172655922 7.680909889750116 5.044015175870438 2.5 0.75
-10.181854857944684 7.397255649087844 5.044015175870438 2.5 0.75
-10.084180543233446 7.113601408425573 5.044015175870438 2.5 0.75
-9.986506228522208 6.829947167763302 5.044015175870438 2.5 0.75
-9.888831913810968 6.546292927101031 5.044015175870438 2.5 0.75
-9.79115759909973 6.262638686438758 5.044015175870438 2.5 0.75
-9.693483284388492 5.978984445776487 5.044015175870438 2.5 0.75
-9.595808969677254 5.695330205114215 5.044015175870438 2.5 0.75
-9.498134654966014 5.411675964451943 5.044015175870438 2.5 0.75
-9.400460340254776 5.128021723789669 5.044015175870438 2.5 0.75
-9.302786025543538 4.844367483127398 5.044015175870438 2.5 0.75
-9.205111710832298 4.560713242465125 5.044015175870438 2.5 0.75
-9.10743739612106 4.277059001802854 5.044015175870438 2.5 0.75
-9.009763081409822 3.99340476114058 5.044015175870438 2.5 0.75
-8.912088766698583 3.7097505204783072 5.044015175870438 2.5 0.75
-8.814414451987343 3.4260962798160346 5.044015175870438 2.5 0.75
-8.716740137276107 3.1424420391537637 5.044015175870438 2.5 0.75
-8.619065822564867 2.858787798491491 5.044015175870438 2.5 0.75
-8.521391507853629 2.5751335578292167 5.044015175870438 2.5 0.75
-8.42371719314239 2.291479317166946 5.044015175870438 2.5 0.75
-8.326042878431151 2.007825076504675 5.044015175870438 2.5 0.75
-8.228368563719913 1.7241708358424024 5.044015175870438 2.5 0.75
-8.130694249008673 1.440516595180128 5.044015175870438 2.5 0.75
-8.033019934297435 1.1568623545178554 5.044015175870438 2.5 0.75
-7.935345619586197 0.8732081138555845 5.044015175870438 2.5 0.75
-7.8376713048749584 0.5895538731933136 5.044015175870438 2.5 0.75
-7.739996990163719 0.30589963253103925 5.044015175870438 2.5 0.75
-7.642322675452481 0.022245391868766617 5.044015175870438 2.5 0.75
-7.544648360741242 -0.26140884879350423 5.044015175870438 2.5 0.75
-7.446974046030003 -0.5450630894557786 5.044015175870438 2.5 0.75
-7.349299731318765 -0.8287173301180495 5.044015175870438 2.5 0.75
-7.251625416607526 -1.1123715707803221 5.044015175870438 2.5 0.75
-7.153951101896286 -1.3960258114425947 5.044015175870438 2.5 0.75
-7.056276787185049 -1.6796800521048674 5.044015175870438 2.5 0.75
-6.958602472473809 -1.96333429276714 5.044015175870438 2.5 0.75
-6.8609281577625705 -2.246988533429411 5.044015175870438 2.5 0.75
-6.7632538430513325 -2.5306427740916853 5.044015175870438 2.5 0.75
-6.665579528340094 -2.8142970147539543 5.044015175870438 2.5 0.75
-6.567905213628856 -3.0979512554162305 5.044015175870438 2.5 0.75
-6.470230898917617 -3.381605496078503 5.044015175870438 2.5 0.75
-6.372556584206378 -3.6652597367407758 5.044015175870438 2.5 0.75
-6.27488226949514 -3.948913977403045 5.044015175870438 2.5 0.75
-6.177207954783901 -4.2325682180653175 5.044015175870438 2.5 0.75
-6.079533640072661 -4.51622245872759 5.044015175870438 2.5 0.75
-5.981859325361423 -4.799876699389863 5.044015175870438 2.5 0.75
-5.884185010650185 -5.083530940052135 5.044015175870438 2.5 0.75
-5.786510695938946 -5.367185180714408 5.044015175870438 2.5 0.75
-5.688836381227707 -5.650839421376681 5.044015175870438 2.5 0.75
-5.5911620665164685 -5.934493662038953 5.044015175870438 2.5 0.75
-5.4934877518052305 -6.218147902701226 5.044015175870438 2.5 0.75
-5.3958134370939925 -6.501802143363495 5.044015175870438 2.5 0.75
-5.298139122382754 -6.785456384025771 5.044015175870438 2.5 0.75
-5.200464807671514 -7.069110624688044 5.044015175870438 2.5 0.75
-5.102790492960278 -7.352764865350309 5.044015175870438 2.5 0.75
-5.005116178249038 -7.6364191060125854 5.044015175870438 2.5 0.75
-4.907441863537798 -7.920073346674858 5.044015175870438 2.5 0.75
-4.809767548826561 -8.203727587337127 5.044015175870438 2.5 0.75
-4.712093234115322 -8.487381827999403 5.044015175870438 2.5 0.75
-4.614418919404082 -8.77103606866168 5.044015175870438 2.5 0.75
-4.516744604692843 -9.054690309323952 5.044015175870438 2.5 0.75
-4.4190702899816054 -9.338344549986218 5.044015175870438 2.5 0.75
-4.321395975270367 -9.621998790648494 5.044015175870438 2.5 0.75
-4.223721660559127 -9.90565303131077 5.044015175870438 2.5 0.75
-4.126047345847889 -10.189307271973036 5.044015175870438 2.5 0.75
-4.028373031136651 -10.472961512635312 5.044015175870438 2.5 0.75
-3.930698716425411 -10.756615753297584 5.044015175870438 2.5 0.75
-3.833024401714175 -11.040269993959853 5.044015175870438 2.5 0.75
-3.735350087002935 -11.323924234622126 5.044015175870438 2.5 0.75
-3.6376757722916953 -11.607578475284402 5.044015175870438 2.5 0.75
-3.540001457580459 -11.891232715946668 5.044015175870438 2.5 0.75
-3.4423271428692193 -12.174886956608947 5.044015175870438 2.5 0.75
-3.3446528281579795 -12.45854119727122 5.044015175870438 2.5 0.75
-3.2469785134467397 -12.742195437933493 5.044015175870438 2.5 0.75
-3.1493041987355035 -13.025849678595762 5.044015175870438 2.5 0.75
-3.0516298840242637 -13.309503919258034 5.044015175870438 2.5 0.75
-2.953955569313024 -13.593158159920307 5.044015175870438 2.5 0.75
-2.8562812546017877 -13.876812400582576 5.044015175870438 2.5 0.75
-2.758606939890548 -14.160466641244849 5.044015175870438 2.5 0.75
-2.660932625179308 -14.444120881907129 5.044015175870438 2.5 0.75
-2.563258310468072 -14.72777512256939 5.044015175870438 2.5 0.75
-2.465583995756832 -15.01142936323167 5.044015175870438 2.5 0.75
-2.3679096810455924 -15.295083603893943 5.044015175870438 2.5 0.75
-2.270235366334356 -15.578737844556208 5.044015175870438 2.5 0.75
-2.1725610516231164 -15.862392085218485 5.044015175870438 2.5 0.75
-2.0748867369118766 -16.146046325880757 5.044015175870438 2.5 0.75
-1.9772124222006369 -16.429700566543037 5.044015175870438 2.5 0.75
-1.8795381074894006 -16.713354807205302 5.044015175870438 2.5 0.75
-1.7818637927781609 -16.997009047867575 5.044015175870438 2.5 0.75
-1.6841894780669247 -17.280663288529844 5.044015175870438 2.5 0.75
-1.5865151633556884 -17.564317529192106 5.044015175870438 2.5 0.75
-1.4888408486444522 -17.847971769854375 5.044015175870438 2.5 0.75
-1.3911665339332142 -18.131626010516648 5.044015175870438 2.5 0.75
-1.2934922192219762 -18.415280251178917 5.044015175870438 2.5 0.75
-1.19581790451074 -18.69893449184118 5.044015175870438 2.5 0.75
-1.0981435897995002 -18.98258873250346 5.044015175870438 2.5 0.75
-1.000469275088264 -19.266242973165724 5.044015175870438 2.5 0.75
-0.9027949603770278 -19.54989721382799 5.044015175870438 2.5 0.75
-0.805120645665788 -19.83355145449027 5.044015175870438 2.5 0.75
-0.7074463309545518 -20.117205695152528 5.044015175870438 2.5 0.75
-0.6097720162433156 -20.4008599358148 5.044015175870438 2.5 0.75
-0.512097701532074 -20.684514176477073 5.044015175870438 2.5 0.75
-0.4144233868208378 -20.96816841713934 5.044015175870438 2.5 0.75
-0.31674907210960157 -21.251822657801604 5.044015175870438 2.5 0.75
-0.21907475739836535 -21.535476898463877 5.044015175870438 2.5 0.75
-0.12140044268712558 -21.81913113912615 5.044015175870438 2.5 0.75
-0.023726127975889355 -22.102785379788415 5.044015175870438 2.5 0.75
0.07394818673534687 -22.38643962045068 5.044015175870438 2.5 0.75
0.17162250144658664 -22.670093861112953 5.044015175870438 2.5 0.75
0.26929681615782286 -22.953748101775226 5.044015175870438 2.5 0.75
0.36697113086906086 -23.237402342437484 5.044015175870438 2.5 0.75
0.46464544558029885 -23.521056583099764 5.044015175870438 2.5 0.75
0.5623197602915351 -23.80471082376203 5.044015175870438 2.5 0.75
0.6599940750027713 -24.088365064424295 5.044015175870438 2.5 0.75
0.7576683897140075 -24.37201930508656 5.044015175870438 2.5 0.75
0.8553427044252491 -24.65567354574884 5.044015175870438 2.5 0.75
0.946 -24.919 5.039 2.5 0.75
1.0740386994815798 -25.189568644683714 5.2697692307692305 2.5 0.75
1.2605693879535285 -25.42367888006247 5.500538461538461 2.5 0.75
1.4957024842404145 -25.60891852776635 5.731307692307692 2.5 0.75
1.7630033810853063 -25.744627313545134 5.786754999969695 2.5 0.75
2.0080409005671727 -25.916551465708494 5.555985769200464 2.5 0.75
2.207259059061636 -26.139964592845175 5.325216538431233 2.5 0.75
2.350095604500737 -26.403021661440448 5.094447307662002 2.5 0.75
2.4289775545376555 -26.691775774847148 4.863678076892771 2.5 0.75
2.4397227048683328 -26.990917617114803 4.6329088461235415 2.5 0.75
2.3817613635171053 -27.28458713027489 4.402139615354311 2.5 0.75
2.258166555062532 -27.557214391153167 4.17137038458508 2.5 0.75
2.075491093420042 -27.794345105664426 3.940601153815849 2.5 0.75
1.8434201613414505 -27.983406954103206 3.709831923046619 2.5 0.75
1.57425781635236 -28.114376156936885 3.479062692277388 2.5 0.75
1.2822746478230522 -28.180308920768702 3.2482934615081573 2.5 0.75
0.9829511714299841 -28.177709587991973 3.0175242307389265 2.5 0.75
0.692157075114326 -28.106715971385437 2.7867549999696957 2.5 0.75
0.42530983170271486 -27.971092047483573 2.5559857692004657 2.5 0.75
0.19655728730442856 -27.778028396108628 2.325216538431235 2.5 0.75
0.018027563439019678 -27.537760966465207 2.094447307662004 2.5 0.75
-0.10081395802601456 -27.263028382255047 1.8636780768927732 2.5 0.75
-0.15366647542008427 -26.968396558692106 1.6329088461235433 2.5 0.75
-0.1377278264535613 -26.669486439224666 1.4021396153543124 2.5 0.75
-0.053843054717247485 -26.382145796221174 1.1713703845850816 2.5 0.75
0.07508818097069447 -26.11146052645151 1.1953248582279974 2.5 0.75
0.15206645100611604 -25.82219309656479 1.4260940889972273 2.5 0.75
0.16084097743809844 -25.522986967388245 1.656863319766459 2.5 0.75
0.1009465478550221 -25.22970560528722 1.88763255053569 2.5 0.75
0.095 -25.212 1.902 2.5 0.75
-0.0013612757612497667 -24.927897034952725 1.8977582111061435 2.5 0.75
-0.09771148113596825 -24.643790298101504 1.8977582111061435 2.5 0.75
-0.19406168651068675 -24.359683561250282 1.8977582111061435 2.5 0.75
-0.2904118918854053 -24.07557682439906 1.8977582111061435 2.5 0.75
-0.3867620972601238 -23.79147008754784 1.8977582111061435 2.5 0.75
-0.4831123026348423 -23.507363350696615 1.8977582111061435 2.5 0.75
-0.5794625080095608 -23.223256613845393 1.8977582111061435 2.5 0.75
-0.6758127133842793 -22.939149876994172 1.8977582111061435 2.5 0.75
-0.7721629187589977 -22.65504314014295 1.8977582111061435 2.5 0.75
-0.8685131241337163 -22.37093640329173 1.8977582111061435 2.5 0.75
-0.9648633295084346 -22.086829666440504 1.8977582111061435 2.5 0.75
-1.0612135348831533 -21.802722929589283 1.8977582111061435 2.5 0.75
-1.1575637402578716 -21.51861619273806 1.8977582111061435 2.5 0.75
-1.25391394563259 -21.23450945588684 1.8977582111061435 2.5 0.75
-1.3502641510073086 -20.950402719035615 1.8977582111061435 2.5 0.75
-1.4466143563820268 -20.666295982184394 1.8977582111061435 2.5 0.75
-1.5429645617567453 -20.382189245333173 1.8977582111061435 2.5 0.75
-1.639314767131464 -20.09808250848195 1.8977582111061435 2.5 0.75
-1.7356649725061821 -19.81397577163073 1.8977582111061435 2.5 0.75
-1.8320151778809008 -19.52986903477951 1.8977582111061435 2.5 0.75
-1.9283653832556198 -19.245762297928284 1.8977582111061435 2.5 0.75
-2.0247155886303374 -18.961655561077063 1.8977582111061435 2.5 0.75
-2.121065794005056 -18.67754882422584 1.8977582111061435 2.5 0.75
-2.217415999379775 -18.39344208737462 1.8977582111061435 2.5 0.75
-2.313766204754493 -18.109335350523395 1.8977582111061435 2.5 0.75
-2.410116410129211 -17.825228613672177 1.8977582111061435 2.5 0.75
-2.50646661550393 -17.541121876820952 1.8977582111061435 2.5 0.75
-2.602816820878649 -17.25701513996973 1.8977582111061435 2.5 0.75
-2.6991670262533676 -16.97290840311851 1.8977582111061435 2.5 0.75
-2.7955172316280863 -16.68880166626729 1.8977582111061435 2.5 0.75
-2.891867437002805 -16.40469492941606 1.8977582111061435 2.5 0.75
-2.9882176423775237 -16.12058819256484 1.8977582111061435 2.5 0.75
-3.084567847752243 -15.836481455713617 1.8977582111061435 2.5 0.75
-3.1809180531269616 -15.552374718862394 1.8977582111061435 2.5 0.75
-3.277268258501681 -15.268267982011169 1.8977582111061435 2.5 0.75
-3.373618463876399 -14.984161245159948 1.8977582111061435 2.5 0.75
-3.4699686692511182 -14.700054508308725 1.8977582111061435 2.5 0.75
-3.566318874625837 -14.415947771457502 1.8977582111061435 2.5 0.75
-3.6626690800005557 -14.131841034606278 1.8977582111061435 2.5 0.75
-3.7590192853752735 -13.847734297755055 1.8977582111061435 2.5 0.75
-3.855369490749993 -13.563627560903832 1.8977582111061435 2.5 0.75
-3.951719696124712 -13.279520824052609 1.8977582111061435 2.5 0.75
-4.0480699014994315 -12.995414087201386 1.8977582111061435 2.5 0.75
-4.14442010687415 -12.711307350350165 1.8977582111061435 2.5 0.75
-4.240770312248868 -12.427200613498941 1.8977582111061435 2.5 0.75
-4.337120517623587 -12.143093876647718 1.8977582111061435 2.5 0.75
-4.433470722998306 -11.858987139796495 1.8977582111061435 2.5 0.75
-4.529820928373025 -11.574880402945276 1.8977582111061435 2.5 0.75
-4.626171133747744 -11.290773666094053 1.8977582111061435 2.5 0.75
-4.722521339122462 -11.00666692924283 1.8977582111061435 2.5 0.75
-4.818871544497181 -10.722560192391606 1.8977582111061435 2.5 0.75
-4.9152217498719 -10.438453455540383 1.8977582111061435 2.5 0.75
-5.011571955246618 -10.15434671868916 1.8977582111061435 2.5 0.75
-5.107922160621337 -9.870239981837937 1.8977582111061435 2.5 0.75
-5.204272365996056 -9.586133244986714 1.8977582111061435 2.5 0.75
-5.300622571370775 -9.30202650813549 1.8977582111061435 2.5 0.75
-5.396972776745494 -9.01791977128427 1.8977582111061435 2.5 0.75
-5.493322982120212 -8.733813034433044 1.8977582111061435 2.5 0.75
-5.589673187494931 -8.449706297581823 1.8977582111061435 2.5 0.75
-5.68602339286965 -8.165599560730598 1.8977582111061435 2.5 0.75
-5.7823735982443685 -7.88149282387938 1.8977582111061435 2.5 0.75
-5.878723803619087 -7.5973860870281555 1.8977582111061435 2.5 0.75
-5.975074008993806 -7.313279350176934 1.8977582111061435 2.5 0.75
-6.071424214368525 -7.029172613325709 1.8977582111061435 2.5 0.75
-6.167774419743243 -6.745065876474488 1.8977582111061435 2.5 0.75
-6.2641246251179625 -6.460959139623263 1.8977582111061435 2.5 0.75
-6.36047483049268 -6.176852402772042 1.8977582111061435 2.5 0.75
-6.4568250358674 -5.892745665920817 1.8977582111061435 2.5 0.75
-6.553175241242119 -5.6086389290695955 1.8977582111061435 2.5 0.75
-6.649525446616836 -5.324532192218374 1.8977582111061435 2.5 0.75
-6.745875651991555 -5.040425455367149 1.8977582111061435 2.5 0.75
-6.842225857366274 -4.756318718515928 1.8977582111061435 2.5 0.75
-6.938576062740992 -4.47221198166471 1.8977582111061435 2.5 0.75
-7.034926268115711 -4.188105244813482 1.8977582111061435 2.5 0.75
-7.13127647349043 -3.9039985079622603 1.8977582111061435 2.5 0.75
-7.227626678865148 -3.6198917711110425 1.8977582111061435 2.5 0.75
-7.323976884239867 -3.335785034259814 1.8977582111061435 2.5 0.75
-7.420327089614585 -3.0516782974085963 1.8977582111061435 2.5 0.75
-7.5166772949893055 -2.767571560557368 1.8977582111061435 2.5 0.75
-7.613027500364024 -2.48346482370615 1.8977582111061435 2.5 0.75
-7.709377705738742 -2.199358086854925 1.8977582111061435 2.5 0.75
-7.805727911113461 -1.9152513500037038 1.8977582111061435 2.5 0.75
-7.9020781164881795 -1.631144613152479 1.8977582111061435 2.5 0.75
-7.9984283218629 -1.3470378763012505 1.8977582111061435 2.5 0.75
-8.094778527237617 -1.0629311394500327 1.8977582111061435 2.5 0.75
-8.191128732612334 -0.7788244025988114 1.8977582111061435 2.5 0.75
-8.287478937987053 -0.49471766574758647 1.8977582111061435 2.5 0.75
-8.383829143361773 -0.21061092889636512 1.8977582111061435 2.5 0.75
-8.48017934873649 0.07349580795485622 1.8977582111061435 2.5 0.75
-8.576529554111211 0.3576025448060811 1.8977582111061435 2.5 0.75
-8.672879759485928 0.6417092816573025 1.8977582111061435 2.5 0.75
-8.769229964860648 0.9258160185085273 1.8977582111061435 2.5 0.75
-8.865580170235367 1.2099227553597487 1.8977582111061435 2.5 0.75
-8.961930375610084 1.49402949221097 1.8977582111061435 2.5 0.75
-9.058280580984803 1.778136229062195 1.8977582111061435 2.5 0.75
-9.154630786359522 2.0622429659134163 1.8977582111061435 2.5 0.75
-9.250980991734242 2.346349702764641 1.8977582111061435 2.5 0.75
-9.34733119710896 2.6304564396158625 1.8977582111061435 2.5 0.75
-9.443681402483678 2.9145631764670874 1.8977582111061435 2.5 0.75
-9.540031607858397 3.1986699133183087 1.8977582111061435 2.5 0.75
-9.636381813233116 3.4827766501695336 1.8977582111061435 2.5 0.75
-9.732732018607834 3.7668833870207514 1.8977582111061435 2.5 0.75
-9.829082223982555 4.05099012387198 1.8977582111061435 2.5 0.75
-9.925432429357272 4.335096860723198 1.8977582111061435 2.5 0.75
-10.021782634731991 4.619203597574426 1.8977582111061435 2.5 0.75
-10.11813284010671 4.903310334425644 1.8977582111061435 2.5 0.75
-10.214483045481428 5.187417071276865 1.8977582111061435 2.5 0.75
-10.310833250856145 5.471523808128083 1.8977582111061435 2.5 0.75
-10.407183456230863 5.755630544979304 1.8977582111061435 2.5 0.75
-10.503533661605578 6.039737281830522 1.8977582111061435 2.5 0.75
-10.599883866980297 6.32384401868174 1.8977582111061435 2.5 0.75
-10.696234072355015 6.607950755532965 1.8977582111061435 2.5 0.75
-10.79258427772973 6.892057492384179 1.8977582111061435 2.5 0.75
-10.88893448310445 7.1761642292354 1.8977582111061435 2.5 0.75
-10.985284688479167 7.460270966086622 1.8977582111061435 2.5 0.75
-11.081634893853884 7.744377702937836 1.8977582111061435 2.5 0.75
-11.177985099228604 8.028484439789057 1.8977582111061435 2.5 0.75
-11.27433530460332 8.312591176640272 1.8977582111061435 2.5 0.75
-11.370685509978037 8.5966979134915 1.8977582111061435 2.5 0.75
-11.467035715352756 8.880804650342721 1.8977582111061435 2.5 0.75
-11.563385920727473 9.164911387193936 1.8977582111061435 2.5 0.75
-11.65973612610219 9.449018124045157 1.8977582111061435 2.5 0.75
-11.756086331476908 9.733124860896371 1.8977582111061435 2.5 0.75
-11.852436536851625 10.017231597747593 1.8977582111061435 2.5 0.75
-11.948786742226343 10.301338334598814 1.8977582111061435 2.5 0.75
-12.045136947601062 10.585445071450035 1.8977582111061435 2.5 0.75
-12.14148715297578 10.869551808301257 1.8977582111061435 2.5 0.75
-12.237837358350495 11.15365854515247 1.8977582111061435 2.5 0.75
-12.334187563725214 11.437765282003692 1.8977582111061435 2.5 0.75
-12.430537769099931 11.721872018854913 1.8977582111061435 2.5 0.75
-12.526887974474647 12.005978755706128 1.8977582111061435 2.5 0.75
-12.623238179849366 12.290085492557349 1.8977582111061435 2.5 0.75
-12.719588385224084 12.574192229408563 1.8977582111061435 2.5 0.75
-12.815938590598801 12.858298966259792 1.8977582111061435 2.5 0.75
-12.91228879597352 13.142405703111006 1.8977582111061435 2.5 0.75
-13.008639001348236 13.426512439962227 1.8977582111061435 2.5 0.75
-13.078 13.631 1.902 2.5 0.75
-13.142101808059676 13.923390591938928 1.671230769230769 2.5 0.75
-13.137626868292056 14.222691903270821 1.4404615384615385 2.5 0.75
-13.064812435384018 14.51303542121327 1.2096923076923076 2.5 0.75
-12.936543862894037 14.7839911077022 1.157002935120771 2.5 0.75
-12.848539538769943 15.070096925515081 1.3877721658900015 2.5 0.75
-12.82830810654477 15.368747204605915 1.6185413966592324 2.5 0.75
-12.876922206827555 15.664107948958666 1.8493106274284632 2.5 0.75
-12.991804391934187 15.94051956882303 2.080079858197694 2.5 0.75
-13.166863778350912 16.1833271289984 2.3108490889669246 2.5 0.75
-13.392818976368234 16.37965733181974 2.5416183197361555 2.5 0.75
-13.657690175633714 16.519101040356844 2.7723875505053854 2.5 0.75
-13.947434296975622 16.59426515545655 3.0031567812746163 2.5 0.75
-14.246689535687242 16.601164586923527 3.233926012043847 2.5 0.75
-14.539589821688331 16.539433537107445 3.464695242813078 2.5 0.75
-14.810606015090737 16.412344894953296 3.695464473582309 2.5 0.75
-15.045369238223625 16.226636712270967 3.9262337043515387 2.5 0.75
-15.231432692272293 15.992154962195626 4.15700293512077 2.5 0.75
-15.358931568139269 15.721331520256836 4.38777216589 2.5 0.75
-15.421106064030052 15.428525044727959 4.618541396659231 2.5 0.75
-15.414659780144742 15.129259701804683 4.849310627428462 2.5 0.75
-15.339934488919214 14.839402097277606 5.080079858197693 2.5 0.75
-15.200892014756121 14.574320052564046 5.310849088966923 2.5 0.75
-15.004904183955649 14.348067825549501 5.541618319736154 2.5 0.75
-14.762361981389915 14.172640974624457 5.7723875505053845 2.5 0.75
-14.494677107686044 14.037596404380007 5.7456751417720024 2.5 0.75
-14.256906949777532 13.855754021919052 5.5149059110027725 2.5 0.75
-14.067032061885765 13.624347827103518 5.284136680233541 2.5 0.75
-13.935119329692476 13.355646634072638 5.05336744946431 2.5 0.75
-13.929 13.338 5.039 2.5 0.75
-13.831342955287452 13.054339841449005 5.044008678008565 2.5 0.75
-13.733670483724351 12.770684966118518 5.044008678008565 2.5 0.75
-13.63599801216125 12.487030090788029 5.044008678008565 2.5 0.75
-13.53832554059815 12.20337521545754 5.044008678008565 2.5 0.75
-13.440653069035049 11.91972034012705 5.044008678008565 2.5 0.75
-13.342980597471948 11.63606546479656 5.044008678008565 2.5 0.75
-13.245308125908847 11.352410589466071 5.044008678008565 2.5 0.75
-13.147635654345747 11.068755714135584 5.044008678008565 2.5 0.75
-13.049963182782646 10.785100838805095 5.044008678008565 2.5 0.75
-12.952290711219545 10.501445963474605 5.044008678008565 2.5 0.75
-12.854618239656444 10.217791088144116 5.044008678008565 2.5 0.75
-12.756945768093344 9.934136212813627 5.044008678008565 2.5 0.75
-12.659273296530245 9.65048133748314 5.044008678008565 2.5 0.75
-12.561600824967144 9.36682646215265 5.044008678008565 2.5 0.75
-12.463928353404041 9.08317158682216 5.044008678008565 2.5 0.75
-12.366255881840942 8.799516711491673 5.044008678008565 2.5 0.75
-12.268583410277841 8.515861836161182 5.044008678008565 2.5 0.75
-12.17091093871474 8.232206960830695 5.044008678008565 2.5 0.75
-12.07323846715164 7.9485520855002045 5.044008678008565 2.5 0.75
-11.97556599558854 7.664897210169716 5.044008678008565 2.5 0.75
-11.877893524025438 7.381242334839227 5.044008678008565 2.5 0.75
-11.780221052462338 7.0975874595087385 5.044008678008565 2.5 0.75
-11.682548580899237 6.81393258417825 5.044008678008565 2.5 0.75
-11.584876109336136 6.530277708847761 5.044008678008565 2.5 0.75
-11.487203637773035 6.2466228335172715 5.044008678008565 2.5 0.75
-11.389531166209935 5.962967958186783 5.044008678008565 2.5 0.75
-11.291858694646834 5.679313082856293 5.044008678008565 2.5 0.75
-11.194186223083733 5.395658207525804 5.044008678008565 2.5 0.75
-11.09651375152063 5.112003332195314 5.044008678008565 2.5 0.75
-10.998841279957531 4.828348456864825 5.044008678008565 2.5 0.75
-10.901168808394429 4.544693581534334 5.044008678008565 2.5 0.75
-10.803496336831328 4.261038706203845 5.044008678008565 2.5 0.75
-10.705823865268227 3.9773838308733556 5.044008678008565 2.5 0.75
-10.608151393705125 3.6937289555428645 5.044008678008565 2.5 0.75
-10.510478922142026 3.4100740802123752 5.044008678008565 2.5 0.75
-10.412806450578925 3.126419204881886 5.044008678008565 2.5 0.75
-10.315133979015823 2.8427643295513967 5.044008678008565 2.5 0.75
-10.217461507452722 2.5591094542209056 5.044008678008565 2.5 0.75
-10.119789035889621 2.2754545788904164 5.044008678008565 2.5 0.75
-10.02211656432652 1.991799703559927 5.044008678008565 2.5 0.75
-9.92444409276342 1.7081448282294396 5.044008678008565 2.5 0.75
-9.826771621200319 1.4244899528989468 5.044008678008565 2.5 0.75
-9.729099149637218 1.1408350775684575 5.044008678008565 2.5 0.75
-9.631426678074117 0.85718020223797 5.044008678008565 2.5 0.75
-9.533754206511016 0.5735253269074807 5.044008678008565 2.5 0.75
-9.436081734947914 0.2898704515769879 5.044008678008565 2.5 0.75
-9.338409263384813 0.006215576246500376 5.044008678008565 2.5 0.75
-9.240736791821714 -0.2774392990839889 5.044008678008565 2.5 0.75
-9.143064320258611 -0.5610941744144782 5.044008678008565 2.5 0.75
-9.04539184869551 -0.8447490497449692 5.044008678008565 2.5 0.75
-8.947719377132408 -1.1284039250754585 5.044008678008565 2.5 0.75
-8.850046905569307 -1.4120588004059513 5.044008678008565 2.5 0.75
-8.752374434006207 -1.695713675736437 5.044008678008565 2.5 0.75
-8.654701962443106 -1.979368551066928 5.044008678008565 2.5 0.75
-8.557029490880005 -2.2630234263974174 5.044008678008565 2.5 0.75
-8.459357019316904 -2.54667830172791 5.044008678008565 2.5 0.75
-8.361684547753804 -2.8303331770583977 5.044008678008565 2.5 0.75
-8.264012076190703 -3.1139880523888888 5.044008678008565 2.5 0.75
-8.166339604627602 -3.3976429277193763 5.044008678008565 2.5 0.75
-8.0686671330645 -3.6812978030498673 5.044008678008565 2.5 0.75
-7.9709946615014005 -3.964952678380355 5.044008678008565 2.5 0.75
-7.873322189938299 -4.248607553710846 5.044008678008565 2.5 0.75
-7.775649718375198 -4.532262429041337 5.044008678008565 2.5 0.75
-7.677977246812096 -4.815917304371824 5.044008678008565 2.5 0.75
-7.580304775248996 -5.099572179702312 5.044008678008565 2.5 0.75
-7.482632303685895 -5.383227055032803 5.044008678008565 2.5 0.75
-7.384959832122793 -5.666881930363294 5.044008678008565 2.5 0.75
-7.287287360559692 -5.9505368056937815 5.044008678008565 2.5 0.75
-7.189614888996591 -6.234191681024276 5.044008678008565 2.5 0.75
-7.091942417433491 -6.51784655635476 5.044008678008565 2.5 0.75
-6.994269945870388 -6.801501431685255 5.044008678008565 2.5 0.75
-6.896597474307288 -7.085156307015742 5.044008678008565 2.5 0.75
-6.7989250027441885 -7.36881118234623 5.044008678008565 2.5 0.75
-6.701252531181086 -7.652466057676724 5.044008678008565 2.5 0.75
-6.603580059617986 -7.936120933007208 5.044008678008565 2.5 0.75
-6.505907588054885 -8.2197758083377 5.044008678008565 2.5 0.75
-6.408235116491784 -8.503430683668194 5.044008678008565 2.5 0.75
-6.310562644928684 -8.787085558998678 5.044008678008565 2.5 0.75
-6.212890173365581 -9.070740434329169 5.044008678008565 2.5 0.75
-6.115217701802481 -9.354395309659663 5.044008678008565 2.5 0.75
-6.017545230239381 -9.638050184990147 5.044008678008565 2.5 0.75
-5.919872758676279 -9.921705060320638 5.044008678008565 2.5 0.75
-5.822200287113178 -10.205359935651126 5.044008678008565 2.5 0.75
-5.724527815550076 -10.489014810981624 5.044008678008565 2.5 0.75
-5.626855343986975 -10.772669686312108 5.044008678008565 2.5 0.75
-5.529182872423876 -11.056324561642596 5.044008678008565 2.5 0.75
-5.431510400860773 -11.339979436973087 5.044008678008565 2.5 0.75
-5.3338379292976725 -11.623634312303578 5.044008678008565 2.5 0.75
-5.236165457734572 -11.907289187634065 5.044008678008565 2.5 0.75
-5.138492986171471 -12.190944062964556 5.044008678008565 2.5 0.75
-5.04082051460837 -12.474598938295044 5.044008678008565 2.5 0.75
-4.943148043045268 -12.758253813625542 5.044008678008565 2.5 0.75
-4.845475571482167 -13.041908688956026 5.044008678008565 2.5 0.75
-4.747803099919066 -13.325563564286513 5.044008678008565 2.5 0.75
-4.650130628355965 -13.609218439617004 5.044008678008565 2.5 0.75
-4.552458156792865 -13.892873314947495 5.044008678008565 2.5 0.75
-4.454785685229764 -14.176528190277983 5.044008678008565 2.5 0.75
-4.357113213666663 -14.460183065608474 5.044008678008565 2.5 0.75
-4.259440742103562 -14.743837940938961 5.044008678008565 2.5 0.75
-4.16176827054046 -15.027492816269456 5.044008678008565 2.5 0.75
-4.064095798977359 -15.311147691599944 5.044008678008565 2.5 0.75
-3.96642332741426 -15.594802566930431 5.044008678008565 2.5 0.75
-3.8687508558511574 -15.878457442260922 5.044008678008565 2.5 0.75
-3.7710783842880566 -16.162112317591415 5.044008678008565 2.5 0.75
-3.673405912724954 -16.445767192921906 5.044008678008565 2.5 0.75
-3.575733441161855 -16.72942206825239 5.044008678008565 2.5 0.75
-3.4780609695987543 -17.01307694358288 5.044008678008565 2.5 0.75
-3.3803884980356553 -17.296731818913365 5.044008678008565 2.5 0.75
-3.2827160264725563 -17.580386694243856 5.044008678008565 2.5 0.75
-3.1850435549094556 -17.864041569574333 5.044008678008565 2.5 0.75
-3.087371083346355 -18.147696444904824 5.044008678008565 2.5 0.75
-2.989698611783256 -18.431351320235315 5.044008678008565 2.5 0.75
-2.892026140220155 -18.715006195565792 5.044008678008565 2.5 0.75
-2.7943536686570543 -18.998661070896283 5.044008678008565 2.5 0.75
-2.696681197093957 -19.282315946226767 5.044008678008565 2.5 0.75
-2.5990087255308563 -19.56597082155725 5.044008678008565 2.5 0.75
-2.5013362539677555 -19.849625696887742 5.044008678008565 2.5 0.75
-2.4036637824046565 -20.133280572218226 5.044008678008565 2.5 0.75
-2.3059913108415557 -20.416935447548717 5.044008678008565 2.5 0.75
-2.2083188392784567 -20.7005903228792 5.044008678008565 2.5 0.75
-2.1106463677153577 -20.984245198209685 5.044008678008565 2.5 0.75
-2.012973896152257 -21.267900073540176 5.044008678008565 2.5 0.75
-1.915301424589158 -21.55155494887066 5.044008678008565 2.5 0.75
-1.817628953026059 -21.835209824201144 5.044008678008565 2.5 0.75
-1.7199564814629582 -22.118864699531628 5.044008678008565 2.5 0.75
-1.6222840098998592 -22.40251957486212 5.044008678008565 2.5 0.75
-1.5246115383367584 -22.686174450192603 5.044008678008565 2.5 0.75
-1.4269390667736577 -22.969829325523087 5.044008678008565 2.5 0.75
-1.329266595210557 -23.253484200853578 5.044008678008565 2.5 0.75
-1.2315941236474561 -23.53713907618406 5.044008678008565 2.5 0.75
-1.133921652084359 -23.820793951514545 5.044008678008565 2.5 0.75
-1.0362491805212581 -24.104448826845037 5.044008678008565 2.5 0.75
-0.9385767089581591 -24.38810370217552 5.044008678008565 2.5 0.75
-0.8409042373950584 -24.671758577506004 5.044008678008565 2.5 0.75
-0.7432317658319594 -24.955413452836495 5.044008678008565 2.5 0.75
-0.6455592942688604 -25.23906832816698 5.044008678008565 2.5 0.75
-0.5478868227057596 -25.52272320349747 5.044008678008565 2.5 0.75
-0.45021435114265884 -25.806378078827954 5.044008678008565 2.5 0.75
-0.3525418795795616 -26.09003295415844 5.044008678008565 2.5 0.75
-0.25486940801646263 -26.373687829488922 5.044008678008565 2.5 0.75
-0.15719693645336008 -26.657342704819413 5.044008678008565 2.5 0.75
-0.059524464890261086 -26.940997580149897 5.044008678008565 2.5 0.75
0.038148006672839685 -27.22465245548038 5.044008678008565 2.5 0.75
0.13582047823594046 -27.508307330810872 5.044008678008565 2.5 0.75
0.23349294979903767 -27.791962206141356 5.044008678008565 2.5 0.75
0.33116542136213845 -28.07561708147184 5.044008678008565 2.5 0.75
0.4288378929252392 -28.35927195680234 5.044008678008565 2.5 0.75
0.479 -28.505 5.039 2.5 0.75
0.6070386994815798 -28.775568644683712 5.2697692307692305 2.5 0.75
0.7935693879535284 -29.00967888006247 5.500538461538461 2.5 0.75
1.0287024842404144 -29.194918527766347 5.731307692307692 2.5 0.75
1.2960033810853064 -29.330627313545133 5.786754999969695 2.5 0.75
1.5410409005671726 -29.502551465708493 5.555985769200464 2.5 0.75
1.7402590590616365 -29.725964592845173 5.325216538431233 2.5 0.75
1.8830956045007374 -29.989021661440447 5.094447307662002 2.5 0.75
1.9619775545376559 -30.277775774847147 4.863678076892771 2.5 0.75
1.9727227048683327 -30.576917617114802 4.6329088461235415 2.5 0.75
1.9147613635171052 -30.870587130274888 4.402139615354311 2.5 0.75
1.7911665550625324 -31.143214391153165 4.17137038458508 2.5 0.75
1.6084910934200418 -31.380345105664425 3.940601153815849 2.5 0.75
1.3764201613414506 -31.569406954103204 3.709831923046619 2.5 0.75
1.10725781635236 -31.700376156936883 3.479062692277388 2.5 0.75
0.8152746478230523 -31.7663089207687 3.2482934615081573 2.5 0.75
0.5159511714299841 -31.763709587991972 3.0175242307389265 2.5 0.75
0.22515707511432598 -31.692715971385436 2.7867549999696957 2.5 0.75
-0.04169016829728511 -31.55709204748357 2.5559857692004657 2.5 0.75
-0.2704427126955714 -31.364028396108626 2.325216538431235 2.5 0.75
-0.4489724365609803 -31.123760966465206 2.094447307662004 2.5 0.75
-0.5678139580260145 -30.849028382255046 1.8636780768927732 2.5 0.75
-0.6206664754200842 -30.554396558692105 1.6329088461235433 2.5 0.75
-0.6047278264535613 -30.255486439224665 1.4021396153543124 2.5 0.75
-0.5208430547172475 -29.968145796221172 1.1713703845850816 2.5 0.75
-0.3919118190293055 -29.697460526451508 1.1953248582279974 2.5 0.75
-0.3149335489938839 -29.408193096564787 1.4260940889972273 2.5 0.75
-0.30615902256190153 -29.108986967388244 1.656863319766459 2.5 0.75
-0.36605345214497786 -28.815705605287217 1.88763255053569 2.5 0.75
-0.372 -28.798 1.902 2.5 0.75
-0.46847752094231393 -28.513936484626424 1.8981746796083037 2.5 0.75
-0.5649460394649827 -28.22986989923835 1.8981746796083037 2.5 0.75
-0.6614145579876514 -27.94580331385027 1.8981746796083037 2.5 0.75
-0.7578830765103202 -27.661736728462195 1.8981746796083037 2.5 0.75
-0.854351595032989 -27.377670143074116 1.8981746796083037 2.5 0.75
-0.9508201135556578 -27.09360355768604 1.8981746796083037 2.5 0.75
-1.0472886320783266 -26.809536972297963 1.8981746796083037 2.5 0.75
-1.1437571506009954 -26.525470386909888 1.8981746796083037 2.5 0.75
-1.240225669123664 -26.24140380152181 1.8981746796083037 2.5 0.75
-1.3366941876463327 -25.957337216133734 1.8981746796083037 2.5 0.75
-1.4331627061690013 -25.673270630745655 1.8981746796083037 2.5 0.75
-1.5296312246916703 -25.38920404535758 1.8981746796083037 2.5 0.75
-1.626099743214339 -25.105137459969505 1.8981746796083037 2.5 0.75
-1.722568261737008 -24.821070874581427 1.8981746796083037 2.5 0.75
-1.8190367802596765 -24.53700428919335 1.8981746796083037 2.5 0.75
-1.915505298782345 -24.252937703805273 1.8981746796083037 2.5 0.75
-2.0119738173050137 -23.968871118417198 1.8981746796083037 2.5 0.75
-2.1084423358276823 -23.684804533029123 1.8981746796083037 2.5 0.75
-2.2049108543503513 -23.400737947641044 1.8981746796083037 2.5 0.75
-2.3013793728730203 -23.116671362252966 1.8981746796083037 2.5 0.75
-2.397847891395689 -22.83260477686489 1.8981746796083037 2.5 0.75
-2.4943164099183575 -22.548538191476815 1.8981746796083037 2.5 0.75
-2.590784928441026 -22.264471606088737 1.8981746796083037 2.5 0.75
-2.6872534469636946 -21.980405020700662 1.8981746796083037 2.5 0.75
-2.7837219654863636 -21.696338435312583 1.8981746796083037 2.5 0.75
-2.880190484009032 -21.412271849924508 1.8981746796083037 2.5 0.75
-2.9766590025317012 -21.128205264536433 1.8981746796083037 2.5 0.75
-3.0731275210543703 -20.844138679148354 1.8981746796083037 2.5 0.75
-3.1695960395770397 -20.560072093760276 1.8981746796083037 2.5 0.75
-3.266064558099708 -20.2760055083722 1.8981746796083037 2.5 0.75
-3.3625330766223773 -19.99193892298412 1.8981746796083037 2.5 0.75
-3.4590015951450463 -19.707872337596044 1.8981746796083037 2.5 0.75
-3.555470113667715 -19.42380575220797 1.8981746796083037 2.5 0.75
-3.6519386321903844 -19.139739166819886 1.8981746796083037 2.5 0.75
-3.7484071507130534 -18.85567258143181 1.8981746796083037 2.5 0.75
-3.844875669235722 -18.571605996043736 1.8981746796083037 2.5 0.75
-3.9413441877583915 -18.287539410655654 1.8981746796083037 2.5 0.75
-4.03781270628106 -18.00347282526758 1.8981746796083037 2.5 0.75
-4.13428122480373 -17.719406239879497 1.8981746796083037 2.5 0.75
-4.230749743326398 -17.435339654491422 1.8981746796083037 2.5 0.75
-4.327218261849068 -17.151273069103347 1.8981746796083037 2.5 0.75
-4.423686780371736 -16.867206483715268 1.8981746796083037 2.5 0.75
-4.520155298894406 -16.58313989832719 1.8981746796083037 2.5 0.75
-4.616623817417074 -16.299073312939115 1.8981746796083037 2.5 0.75
-4.713092335939743 -16.015006727551036 1.8981746796083037 2.5 0.75
-4.809560854462412 -15.730940142162957 1.8981746796083037 2.5 0.75
-4.906029372985081 -15.446873556774879 1.8981746796083037 2.5 0.75
-5.002497891507749 -15.162806971386804 1.8981746796083037 2.5 0.75
-5.098966410030419 -14.878740385998727 1.8981746796083037 2.5 0.75
-5.195434928553088 -14.594673800610648 1.8981746796083037 2.5 0.75
-5.291903447075757 -14.31060721522257 1.8981746796083037 2.5 0.75
-5.388371965598426 -14.026540629834493 1.8981746796083037 2.5 0.75
-5.484840484121095 -13.742474044446418 1.8981746796083037 2.5 0.75
-5.581309002643764 -13.45840745905834 1.8981746796083037 2.5 0.75
-5.677777521166433 -13.17434087367026 1.8981746796083037 2.5 0.75
-5.774246039689103 -12.890274288282184 1.8981746796083037 2.5 0.75
-5.870714558211772 -12.606207702894107 1.8981746796083037 2.5 0.75
-5.9671830767344405 -12.322141117506028 1.8981746796083037 2.5 0.75
-6.063651595257109 -12.03807453211795 1.8981746796083037 2.5 0.75
-6.160120113779779 -11.754007946729875 1.8981746796083037 2.5 0.75
-6.2565886323024476 -11.469941361341796 1.8981746796083037 2.5 0.75
-6.353057150825116 -11.185874775953717 1.8981746796083037 2.5 0.75
-6.449525669347784 -10.901808190565642 1.8981746796083037 2.5 0.75
-6.545994187870455 -10.617741605177564 1.8981746796083037 2.5 0.75
-6.642462706393123 -10.333675019789489 1.8981746796083037 2.5 0.75
-6.738931224915792 -10.04960843440141 1.8981746796083037 2.5 0.75
-6.835399743438462 -9.765541849013331 1.8981746796083037 2.5 0.75
-6.931868261961131 -9.481475263625253 1.8981746796083037 2.5 0.75
-7.028336780483799 -9.197408678237174 1.8981746796083037 2.5 0.75
-7.124805299006467 -8.913342092849103 1.8981746796083037 2.5 0.75
-7.221273817529138 -8.629275507461024 1.8981746796083037 2.5 0.75
-7.317742336051806 -8.345208922072946 1.8981746796083037 2.5 0.75
-7.414210854574474 -8.06114233668487 1.8981746796083037 2.5 0.75
-7.510679373097145 -7.777075751296792 1.8981746796083037 2.5 0.75
-7.607147891619813 -7.493009165908717 1.8981746796083037 2.5 0.75
-7.703616410142481 -7.208942580520638 1.8981746796083037 2.5 0.75
-7.80008492866515 -6.92487599513256 1.8981746796083037 2.5 0.75
-7.896553447187818 -6.6408094097444845 1.8981746796083037 2.5 0.75
-7.993021965710489 -6.356742824356402 1.8981746796083037 2.5 0.75
-8.089490484233158 -6.072676238968327 1.8981746796083037 2.5 0.75
-8.185959002755826 -5.788609653580256 1.8981746796083037 2.5 0.75
-8.282427521278496 -5.50454306819217 1.8981746796083037 2.5 0.75
-8.378896039801164 -5.220476482804099 1.8981746796083037 2.5 0.75
-8.475364558323834 -4.93640989741602 1.8981746796083037 2.5 0.75
-8.571833076846504 -4.652343312027941 1.8981746796083037 2.5 0.75
-8.668301595369172 -4.368276726639866 1.8981746796083037 2.5 0.75
-8.76477011389184 -4.084210141251784 1.8981746796083037 2.5 0.75
-8.86123863241451 -3.800143555863709 1.8981746796083037 2.5 0.75
-8.957707150937178 -3.516076970475634 1.8981746796083037 2.5 0.75
-9.054175669459847 -3.232010385087552 1.8981746796083037 2.5 0.75
-9.150644187982515 -2.947943799699477 1.8981746796083037 2.5 0.75
-9.247112706505186 -2.6638772143113982 1.8981746796083037 2.5 0.75
-9.343581225027854 -2.3798106289233196 1.8981746796083037 2.5 0.75
-9.440049743550523 -2.095744043535248 1.8981746796083037 2.5 0.75
-9.536518262073193 -1.8116774581471695 1.8981746796083037 2.5 0.75
-9.632986780595862 -1.527610872759091 1.8981746796083037 2.5 0.75
-9.72945529911853 -1.2435442873710159 1.8981746796083037 2.5 0.75
-9.8259238176412 -0.9594777019829337 1.8981746796083037 2.5 0.75
-9.922392336163869 -0.6754111165948586 1.8981746796083037 2.5 0.75
-10.018860854686537 -0.39134453120678003 1.8981746796083037 2.5 0.75
-10.115329373209205 -0.10727794581870143 1.8981746796083037 2.5 0.75
-10.211797891731873 0.17678863956937363 1.8981746796083037 2.5 0.75
-10.308266410254545 0.46085522495745224 1.8981746796083037 2.5 0.75
-10.404734928777213 0.7449218103455308 1.8981746796083037 2.5 0.75
-10.501203447299883 1.0289883957336095 1.8981746796083037 2.5 0.75
-10.59767196582255 1.313054981121681 1.8981746796083037 2.5 0.75
-10.69414048434522 1.5971215665097596 1.8981746796083037 2.5 0.75
-10.790609002867885 1.881188151897831 1.8981746796083037 2.5 0.75
-10.887077521390555 2.1652547372859097 1.8981746796083037 2.5 0.75
-10.983546039913223 2.4493213226739776 1.8981746796083037 2.5 0.75
-11.080014558435892 2.7333879080620527 1.8981746796083037 2.5 0.75
-11.17648307695856 3.0174544934501313 1.8981746796083037 2.5 0.75
-11.272951595481226 3.301521078838203 1.8981746796083037 2.5 0.75
-11.369420114003894 3.585587664226278 1.8981746796083037 2.5 0.75
-11.465888632526562 3.869654249614346 1.8981746796083037 2.5 0.75
-11.56235715104923 4.153720835002428 1.8981746796083037 2.5 0.75
-11.658825669571899 4.437787420390503 1.8981746796083037 2.5 0.75
-11.755294188094565 4.721854005778571 1.8981746796083037 2.5 0.75
-11.851762706617233 5.005920591166646 1.8981746796083037 2.5 0.75
-11.948231225139901 5.289987176554721 1.8981746796083037 2.5 0.75
-12.04469974366257 5.574053761942796 1.8981746796083037 2.5 0.75
-12.141168262185237 5.858120347330871 1.8981746796083037 2.5 0.75
-12.237636780707904 6.142186932718939 1.8981746796083037 2.5 0.75
-12.334105299230572 6.426253518107021 1.8981746796083037 2.5 0.75
-12.43057381775324 6.710320103495096 1.8981746796083037 2.5 0.75
-12.527042336275908 6.994386688883164 1.8981746796083037 2.5 0.75
-12.623510854798576 7.278453274271239 1.8981746796083037 2.5 0.75
-12.719979373321243 7.562519859659307 1.8981746796083037 2.5 0.75
-12.81644789184391 7.8465864450473894 1.8981746796083037 2.5 0.75
-12.912916410366579 8.130653030435465 1.8981746796083037 2.5 0.75
-13.009384928889249 8.41471961582354 1.8981746796083037 2.5 0.75
-13.105853447411917 8.698786201211615 1.8981746796083037 2.5 0.75
-13.202321965934582 8.982852786599683 1.8981746796083037 2.5 0.75
-13.298790484457252 9.266919371987758 1.8981746796083037 2.5 0.75
-13.39525900297992 9.550985957375833 1.8981746796083037 2.5 0.75
-13.491727521502588 9.835052542763908 1.8981746796083037 2.5 0.75
-13.588196040025256 10.119119128151983 1.8981746796083037 2.5 0.75
-13.684664558547924 10.403185713540058 1.8981746796083037 2.5 0.75
-13.78113307707059 10.687252298928126 1.8981746796083037 2.5 0.75
-13.877601595593257 10.9713188843162 1.8981746796083037 2.5 0.75
-13.974070114115927 11.255385469704283 1.8981746796083037 2.5 0.75
-14.070538632638595 11.539452055092351 1.8981746796083037 2.5 0.75
-14.167007151161261 11.823518640480419 1.8981746796083037 2.5 0.75
-14.263475669683931 12.107585225868501 1.8981746796083037 2.5 0.75
-14.359944188206597 12.391651811256576 1.8981746796083037 2.5 0.75
-14.456412706729264 12.675718396644644 1.8981746796083037 2.5 0.75
-14.552881225251934 12.959784982032733 1.8981746796083037 2.5 0.75
-14.649349743774602 13.243851567420801 1.8981746796083037 2.5 0.75
-14.745818262297268 13.52791815280887 1.8981746796083037 2.5 0.75
-14.842286780819935 13.811984738196937 1.8981746796083037 2.5 0.75
-14.844 13.817 1.902 2.5 0.75
-14.908101808059676 14.109390591938928 1.671230769230769 2.5 0.75
-14.903626868292056 14.408691903270821 1.4404615384615385 2.5 0.75
-14.830812435384018 14.69903542121327 1.2096923076923076 2.5 0.75
-14.702543862894037 14.9699911077022 1.157002935120771 2.5 0.75
-14.614539538769943 15.256096925515081 1.3877721658900015 2.5 0.75
-14.59430810654477 15.554747204605915 1.6185413966592324 2.5 0.75
-14.642922206827555 15.850107948958666 1.8493106274284632 2.5 0.75
-14.757804391934187 16.12651956882303 2.080079858197694 2.5 0.75
-14.932863778350912 16.3693271289984 2.3108490889669246 2.5 0.75
-15.158818976368234 16.56565733181974 2.5416183197361555 2.5 0.75
-15.423690175633714 16.705101040356844 2.7723875505053854 2.5 0.75
-15.713434296975622 16.78026515545655 3.0031567812746163 2.5 0.75
-16.01268953568724 16.787164586923527 3.233926012043847 2.5 0.75
-16.305589821688333 16.725433537107445 3.464695242813078 2.5 0.75
-16.576606015090736 16.598344894953296 3.695464473582309 2.5 0.75
-16.811369238223623 16.412636712270967 3.9262337043515387 2.5 0.75
-16.99743269227229 16.178154962195627 4.15700293512077 2.5 0.75
-17.12493156813927 15.907331520256836 4.38777216589 2.5 0.75
-17.18710606403005 15.614525044727959 4.618541396659231 2.5 0.75
-17.180659780144744 15.315259701804683 4.849310627428462 2.5 0.75
-17.105934488919214 15.025402097277606 5.080079858197693 2.5 0.75
-16.966892014756123 14.760320052564046 5.310849088966923 2.5 0.75
-16.77090418395565 14.534067825549501 5.541618319736154 2.5 0.75
-16.528361981389914 14.358640974624457 5.7723875505053845 2.5 0.75
-16.260677107686046 14.223596404380007 5.7456751417720024 2.5 0.75
-16.022906949777532 14.041754021919052 5.5149059110027725 2.5 0.75
-15.833032061885765 13.810347827103518 5.284136680233541 2.5 0.75
-15.701119329692476 13.541646634072638 5.05336744946431 2.5 0.75
-15.695 13.524 5.039 2.5 0.75
-15.597342713482576 13.24033992471115 5.044009549384476 2.5 0.75
-15.499669994749485 12.95668513449021 5.044009549384476 2.5 0.75
-15.401997276016397 12.673030344269266 5.044009549384476 2.5 0.75
-15.304324557283309 12.389375554048325 5.044009549384476 2.5 0.75
-15.206651838550219 12.105720763827382 5.044009549384476 2.5 0.75
-15.10897911981713 11.822065973606438 5.044009549384476 2.5 0.75
-15.01130640108404 11.538411183385497 5.044009549384476 2.5 0.75
-14.913633682350952 11.254756393164554 5.044009549384476 2.5 0.75
-14.815960963617863 10.971101602943612 5.044009549384476 2.5 0.75
-14.718288244884773 10.68744681272267 5.044009549384476 2.5 0.75
-14.620615526151685 10.403792022501728 5.044009549384476 2.5 0.75
-14.522942807418595 10.120137232280785 5.044009549384476 2.5 0.75
-14.425270088685506 9.836482442059843 5.044009549384476 2.5 0.75
-14.327597369952418 9.5528276518389 5.044009549384476 2.5 0.75
-14.229924651219328 9.269172861617957 5.044009549384476 2.5 0.75
-14.13225193248624 8.985518071397015 5.044009549384476 2.5 0.75
-14.034579213753151 8.701863281176074 5.044009549384476 2.5 0.75
-13.936906495020061 8.41820849095513 5.044009549384476 2.5 0.75
-13.839233776286973 8.134553700734187 5.044009549384476 2.5 0.75
-13.741561057553884 7.850898910513247 5.044009549384476 2.5 0.75
-13.643888338820794 7.567244120292305 5.044009549384476 2.5 0.75
-13.546215620087706 7.283589330071363 5.044009549384476 2.5 0.75
-13.448542901354617 6.99993453985042 5.044009549384476 2.5 0.75
-13.350870182621527 6.716279749629478 5.044009549384476 2.5 0.75
-13.253197463888437 6.432624959408535 5.044009549384476 2.5 0.75
-13.155524745155349 6.148970169187593 5.044009549384476 2.5 0.75
-13.05785202642226 5.86531537896665 5.044009549384476 2.5 0.75
-12.96017930768917 5.5816605887457085 5.044009549384476 2.5 0.75
-12.862506588956082 5.298005798524764 5.044009549384476 2.5 0.75
-12.764833870222994 5.014351008303821 5.044009549384476 2.5 0.75
-12.667161151489903 4.730696218082878 5.044009549384476 2.5 0.75
-12.569488432756813 4.447041427861935 5.044009549384476 2.5 0.75
-12.471815714023725 4.163386637640992 5.044009549384476 2.5 0.75
-12.374142995290635 3.8797318474200466 5.044009549384476 2.5 0.75
-12.276470276557545 3.5960770571991034 5.044009549384476 2.5 0.75
-12.178797557824456 3.312422266978162 5.044009549384476 2.5 0.75
-12.081124839091368 3.028767476757219 5.044009549384476 2.5 0.75
-11.983452120358278 2.745112686536274 5.044009549384476 2.5 0.75
-11.88577940162519 2.4614578963153324 5.044009549384476 2.5 0.75
-11.7881066828921 2.177803106094391 5.044009549384476 2.5 0.75
-11.69043396415901 1.894148315873446 5.044009549384476 2.5 0.75
-11.59276124542592 1.6104935256525028 5.044009549384476 2.5 0.75
-11.49508852669283 1.3268387354315578 5.044009549384476 2.5 0.75
-11.397415807959742 1.0431839452106146 5.044009549384476 2.5 0.75
-11.299743089226652 0.759529154989675 5.044009549384476 2.5 0.75
-11.202070370493562 0.47587436476873 5.044009549384476 2.5 0.75
-11.104397651760475 0.19221957454778682 5.044009549384476 2.5 0.75
-11.006724933027385 -0.09143521567315283 5.044009549384476 2.5 0.75
-10.909052214294295 -0.37509000589410135 5.044009549384476 2.5 0.75
-10.811379495561207 -0.658744796115041 5.044009549384476 2.5 0.75
-10.713706776828117 -0.942399586335986 5.044009549384476 2.5 0.75
-10.616034058095028 -1.2260543765569292 5.044009549384476 2.5 0.75
-10.518361339361938 -1.5097091667778688 5.044009549384476 2.5 0.75
-10.420688620628848 -1.7933639569988156 5.044009549384476 2.5 0.75
-10.32301590189576 -2.077018747219757 5.044009549384476 2.5 0.75
-10.225343183162668 -2.3606735374407037 5.044009549384476 2.5 0.75
-10.127670464429581 -2.644328327661645 5.044009549384476 2.5 0.75
-10.029997745696491 -2.9279831178825884 5.044009549384476 2.5 0.75
-9.932325026963401 -3.2116379081035316 5.044009549384476 2.5 0.75
-9.834652308230314 -3.495292698324471 5.044009549384476 2.5 0.75
-9.736979589497224 -3.7789474885454144 5.044009549384476 2.5 0.75
-9.639306870764134 -4.062602278766361 5.044009549384476 2.5 0.75
-9.541634152031044 -4.346257068987304 5.044009549384476 2.5 0.75
-9.443961433297956 -4.6299118592082475 5.044009549384476 2.5 0.75
-9.346288714564867 -4.913566649429187 5.044009549384476 2.5 0.75
-9.248615995831777 -5.19722143965013 5.044009549384476 2.5 0.75
-9.150943277098687 -5.480876229871077 5.044009549384476 2.5 0.75
-9.053270558365599 -5.764531020092017 5.044009549384476 2.5 0.75
-8.955597839632508 -6.0481858103129635 5.044009549384476 2.5 0.75
-8.85792512089942 -6.331840600533907 5.044009549384476 2.5 0.75
-8.76025240216633 -6.61549539075485 5.044009549384476 2.5 0.75
-8.66257968343324 -6.899150180975793 5.044009549384476 2.5 0.75
-8.564906964700153 -7.182804971196733 5.044009549384476 2.5 0.75
-8.467234245967063 -7.4664597614176795 5.044009549384476 2.5 0.75
-8.369561527233973 -7.750114551638619 5.044009549384476 2.5 0.75
-8.271888808500885 -8.033769341859559 5.044009549384476 2.5 0.75
-8.174216089767794 -8.317424132080506 5.044009549384476 2.5 0.75
-8.076543371034706 -8.601078922301449 5.044009549384476 2.5 0.75
-7.978870652301616 -8.884733712522396 5.044009549384476 2.5 0.75
-7.881197933568527 -9.168388502743335 5.044009549384476 2.5 0.75
-7.783525214835438 -9.452043292964275 5.044009549384476 2.5 0.75
-7.685852496102347 -9.735698083185222 5.044009549384476 2.5 0.75
-7.588179777369259 -10.019352873406165 5.044009549384476 2.5 0.75
-7.490507058636169 -10.303007663627112 5.044009549384476 2.5 0.75
-7.3928343399030805 -10.586662453848051 5.044009549384476 2.5 0.75
-7.29516162116999 -10.87031724406899 5.044009549384476 2.5 0.75
-7.1974889024369 -11.153972034289938 5.044009549384476 2.5 0.75
-7.099816183703812 -11.43762682451088 5.044009549384476 2.5 0.75
-7.0021434649707235 -11.72128161473182 5.044009549384476 2.5 0.75
-6.904470746237633 -12.004936404952767 5.044009549384476 2.5 0.75
-6.806798027504543 -12.288591195173707 5.044009549384476 2.5 0.75
-6.709125308771455 -12.572245985394654 5.044009549384476 2.5 0.75
-6.611452590038365 -12.855900775615597 5.044009549384476 2.5 0.75
-6.513779871305276 -13.139555565836536 5.044009549384476 2.5 0.75
-6.416107152572186 -13.423210356057483 5.044009549384476 2.5 0.75
-6.318434433839098 -13.706865146278423 5.044009549384476 2.5 0.75
-6.2207617151060095 -13.990519936499366 5.044009549384476 2.5 0.75
-6.123088996372919 -14.274174726720313 5.044009549384476 2.5 0.75
-6.025416277639831 -14.557829516941252 5.044009549384476 2.5 0.75
-5.927743558906739 -14.8414843071622 5.044009549384476 2.5 0.75
-5.830070840173651 -15.125139097383139 5.044009549384476 2.5 0.75
-5.732398121440562 -15.408793887604082 5.044009549384476 2.5 0.75
-5.634725402707472 -15.692448677825029 5.044009549384476 2.5 0.75
-5.537052683974384 -15.976103468045968 5.044009549384476 2.5 0.75
-5.439379965241292 -16.259758258266913 5.044009549384476 2.5 0.75
-5.341707246508204 -16.543413048487857 5.044009549384476 2.5 0.75
-5.244034527775117 -16.8270678387088 5.044009549384476 2.5 0.75
-5.146361809042029 -17.110722628929736 5.044009549384476 2.5 0.75
-5.0486890903089385 -17.394377419150672 5.044009549384476 2.5 0.75
-4.951016371575852 -17.678032209371615 5.044009549384476 2.5 0.75
-4.853343652842764 -17.96168699959256 5.044009549384476 2.5 0.75
-4.755670934109675 -18.245341789813494 5.044009549384476 2.5 0.75
-4.657998215376587 -18.52899658003443 5.044009549384476 2.5 0.75
-4.5603254966435 -18.812651370255374 5.044009549384476 2.5 0.75
-4.462652777910412 -19.09630616047631 5.044009549384476 2.5 0.75
-4.364980059177322 -19.379960950697253 5.044009549384476 2.5 0.75
-4.267307340444235 -19.66361574091819 5.044009549384476 2.5 0.75
-4.169634621711147 -19.947270531139132 5.044009549384476 2.5 0.75
-4.0719619029780585 -20.230925321360075 5.044009549384476 2.5 0.75
-3.97428918424497 -20.51458011158101 5.044009549384476 2.5 0.75
-3.8766164655118835 -20.798234901801948 5.044009549384476 2.5 0.75
-3.7789437467787934 -21.08188969202289 5.044009549384476 2.5 0.75
-3.681271028045705 -21.365544482243827 5.044009549384476 2.5 0.75
-3.5835983093126185 -21.64919927246477 5.044009549384476 2.5 0.75
-3.4859255905795283 -21.932854062685713 5.044009549384476 2.5 0.75
-3.38825287184644 -22.21650885290665 5.044009549384476 2.5 0.75
-3.2905801531133534 -22.500163643127593 5.044009549384476 2.5 0.75
-3.192907434380265 -22.78381843334853 5.044009549384476 2.5 0.75
-3.0952347156471767 -23.067473223569465 5.044009549384476 2.5 0.75
-2.9975619969140883 -23.351128013790415 5.044009549384476 2.5 0.75
-2.8998892781810017 -23.634782804011344 5.044009549384476 2.5 0.75
-2.8022165594479116 -23.918437594232287 5.044009549384476 2.5 0.75
-2.704543840714827 -24.202092384453223 5.044009549384476 2.5 0.75
-2.6068711219817366 -24.485747174674167 5.044009549384476 2.5 0.75
-2.5091984032486483 -24.76940196489511 5.044009549384476 2.5 0.75
-2.4115256845155617 -25.053056755116046 5.044009549384476 2.5 0.75
-2.3138529657824716 -25.336711545336982 5.044009549384476 2.5 0.75
-2.216180247049385 -25.620366335557932 5.044009549384476 2.5 0.75
-2.1185075283162966 -25.90402112577887 5.044009549384476 2.5 0.75
-2.02083480958321 -26.187675915999804 5.044009549384476 2.5 0.75
-1.92316209085012 -26.471330706220748 5.044009549384476 2.5 0.75
-1.8254893721170316 -26.754985496441684 5.044009549384476 2.5 0.75
-1.727816653383945 -27.03864028666262 5.044009549384476 2.5 0.75
-1.6301439346508548 -27.32229507688357 5.044009549384476 2.5 0.75
-1.5324712159177665 -27.605949867104506 5.044009549384476 2.5 0.75
-1.4347984971846799 -27.889604657325442 5.044009549384476 2.5 0.75
-1.3371257784515898 -28.173259447546386 5.044009549384476 2.5 0.75
-1.2394530597185032 -28.45691423776732 5.044009549384476 2.5 0.75
-1.1417803409854148 -28.740569027988265 5.044009549384476 2.5 0.75
-1.0441076222523282 -29.024223818209194 5.044009549384476 2.5 0.75
-0.9464349035192381 -29.307878608430144 5.044009549384476 2.5 0.75
-0.944 -29.315 5.039 2.5 0.75
-0.8159613005184201 -29.585568644683715 5.2697692307692305 2.5 0.75
-0.6294306120464714 -29.819678880062472 5.500538461538461 2.5 0.75
-0.3942975157595854 -30.00491852776635 5.731307692307692 2.5 0.75
-0.1269966189146935 -30.140627313545135 5.786754999969695 2.5 0.75
0.11804090056717276 -30.312551465708495 5.555985769200464 2.5 0.75
0.31725905906163643 -30.535964592845176 5.325216538431233 2.5 0.75
0.4600956045007374 -30.79902166144045 5.094447307662002 2.5 0.75
0.5389775545376558 -31.08777577484715 4.863678076892771 2.5 0.75
0.5497227048683329 -31.386917617114804 4.6329088461235415 2.5 0.75
0.4917613635171054 -31.68058713027489 4.402139615354311 2.5 0.75
0.3681665550625324 -31.953214391153168 4.17137038458508 2.5 0.75
0.18549109342004177 -32.19034510566443 3.940601153815849 2.5 0.75
-0.04657983865854931 -32.37940695410321 3.709831923046619 2.5 0.75
-0.31574218364763995 -32.510376156936886 3.479062692277388 2.5 0.75
-0.6077253521769477 -32.5763089207687 3.2482934615081573 2.5 0.75
-0.9070488285700158 -32.57370958799197 3.0175242307389265 2.5 0.75
-1.197842924885674 -32.50271597138544 2.7867549999696957 2.5 0.75
-1.464690168297285 -32.367092047483574 2.5559857692004657 2.5 0.75
-1.6934427126955713 -32.174028396108625 2.325216538431235 2.5 0.75
-1.8719724365609802 -31.933760966465208 2.094447307662004 2.5 0.75
-1.9908139580260145 -31.65902838225505 1.8636780768927732 2.5 0.75
-2.043666475420084 -31.364396558692107 1.6329088461235433 2.5 0.75
-2.027727826453561 -31.065486439224667 1.4021396153543124 2.5 0.75
-1.9438430547172474 -30.778145796221175 1.1713703845850816 2.5 0.75
-1.8149118190293054 -30.50746052645151 1.1953248582279974 2.5 0.75
-1.7379335489938839 -30.21819309656479 1.4260940889972273 2.5 0.75
-1.7291590225619013 -29.918986967388246 1.656863319766459 2.5 0.75
-1.789053452144978 -29.62570560528722 1.88763255053569 2.5 0.75
-1.795 -29.608 1.902 2.5 0.75
-1.8914925049106124 -29.323941573604177 1.898228310955386 2.5 0.75
-1.9879762581681721 -29.03988016236123 1.898228310955386 2.5 0.75
-2.084460011425732 -28.755818751118284 1.898228310955386 2.5 0.75
-2.1809437646832914 -28.471757339875335 1.898228310955386 2.5 0.75
-2.277427517940851 -28.18769592863239 1.898228310955386 2.5 0.75
-2.373911271198411 -27.903634517389442 1.898228310955386 2.5 0.75
-2.4703950244559705 -27.619573106146497 1.898228310955386 2.5 0.75
-2.56687877771353 -27.335511694903552 1.898228310955386 2.5 0.75
-2.6633625309710895 -27.051450283660603 1.898228310955386 2.5 0.75
-2.759846284228649 -26.76738887241766 1.898228310955386 2.5 0.75
-2.8563300374862086 -26.48332746117471 1.898228310955386 2.5 0.75
-2.952813790743768 -26.199266049931765 1.898228310955386 2.5 0.75
-3.0492975440013277 -25.91520463868882 1.898228310955386 2.5 0.75
-3.145781297258887 -25.63114322744587 1.898228310955386 2.5 0.75
-3.242265050516447 -25.347081816202927 1.898228310955386 2.5 0.75
-3.338748803774007 -25.06302040495998 1.898228310955386 2.5 0.75
-3.4352325570315663 -24.778958993717033 1.898228310955386 2.5 0.75
-3.5317163102891262 -24.49489758247409 1.898228310955386 2.5 0.75
-3.628200063546686 -24.21083617123114 1.898228310955386 2.5 0.75
-3.7246838168042453 -23.92677475998819 1.898228310955386 2.5 0.75
-3.821167570061805 -23.642713348745247 1.898228310955386 2.5 0.75
-3.9176513233193644 -23.3586519375023 1.898228310955386 2.5 0.75
-4.014135076576924 -23.074590526259357 1.898228310955386 2.5 0.75
-4.110618829834484 -22.790529115016408 1.898228310955386 2.5 0.75
-4.207102583092043 -22.50646770377346 1.898228310955386 2.5 0.75
-4.303586336349603 -22.222406292530515 1.898228310955386 2.5 0.75
-4.400070089607162 -21.93834488128757 1.898228310955386 2.5 0.75
-4.4965538428647225 -21.65428347004462 1.898228310955386 2.5 0.75
-4.593037596122283 -21.370222058801673 1.898228310955386 2.5 0.75
-4.6895213493798416 -21.086160647558728 1.898228310955386 2.5 0.75
-4.786005102637402 -20.802099236315783 1.898228310955386 2.5 0.75
-4.8824888558949615 -20.518037825072835 1.898228310955386 2.5 0.75
-4.978972609152522 -20.233976413829886 1.898228310955386 2.5 0.75
-5.0754563624100815 -19.94991500258694 1.898228310955386 2.5 0.75
-5.171940115667642 -19.66585359134399 1.898228310955386 2.5 0.75
-5.268423868925201 -19.381792180101044 1.898228310955386 2.5 0.75
-5.364907622182761 -19.0977307688581 1.898228310955386 2.5 0.75
-5.461391375440321 -18.81366935761515 1.898228310955386 2.5 0.75
-5.557875128697882 -18.529607946372202 1.898228310955386 2.5 0.75
-5.6543588819554405 -18.245546535129257 1.898228310955386 2.5 0.75
-5.750842635213001 -17.961485123886312 1.898228310955386 2.5 0.75
-5.847326388470561 -17.677423712643364 1.898228310955386 2.5 0.75
-5.943810141728121 -17.393362301400416 1.898228310955386 2.5 0.75
-6.0402938949856795 -17.10930089015747 1.898228310955386 2.5 0.75
-6.13677764824324 -16.825239478914522 1.898228310955386 2.5 0.75
-6.2332614015008 -16.541178067671574 1.898228310955386 2.5 0.75
-6.329745154758361 -16.25711665642863 1.898228310955386 2.5 0.75
-6.426228908015919 -15.973055245185682 1.898228310955386 2.5 0.75
-6.52271266127348 -15.688993833942734 1.898228310955386 2.5 0.75
-6.61919641453104 -15.404932422699787 1.898228310955386 2.5 0.75
-6.7156801677886 -15.12087101145684 1.898228310955386 2.5 0.75
-6.812163921046159 -14.836809600213892 1.898228310955386 2.5 0.75
-6.908647674303719 -14.552748188970947 1.898228310955386 2.5 0.75
-7.005131427561279 -14.268686777727996 1.898228310955386 2.5 0.75
-7.101615180818839 -13.98462536648505 1.898228310955386 2.5 0.75
-7.198098934076398 -13.700563955242101 1.898228310955386 2.5 0.75
-7.294582687333959 -13.416502543999158 1.898228310955386 2.5 0.75
-7.391066440591518 -13.13244113275621 1.898228310955386 2.5 0.75
-7.487550193849078 -12.848379721513261 1.898228310955386 2.5 0.75
-7.584033947106639 -12.564318310270316 1.898228310955386 2.5 0.75
-7.680517700364198 -12.280256899027371 1.898228310955386 2.5 0.75
-7.777001453621757 -11.996195487784423 1.898228310955386 2.5 0.75
-7.873485206879319 -11.71213407654147 1.898228310955386 2.5 0.75
-7.969968960136878 -11.428072665298526 1.898228310955386 2.5 0.75
-8.066452713394437 -11.144011254055581 1.898228310955386 2.5 0.75
-8.162936466651999 -10.859949842812632 1.898228310955386 2.5 0.75
-8.259420219909558 -10.575888431569684 1.898228310955386 2.5 0.75
-8.355903973167116 -10.291827020326739 1.898228310955386 2.5 0.75
-8.452387726424679 -10.00776560908379 1.898228310955386 2.5 0.75
-8.548871479682237 -9.72370419784085 1.898228310955386 2.5 0.75
-8.645355232939796 -9.439642786597897 1.898228310955386 2.5 0.75
-8.741838986197358 -9.155581375354949 1.898228310955386 2.5 0.75
-8.838322739454917 -8.871519964112004 1.898228310955386 2.5 0.75
-8.934806492712475 -8.587458552869052 1.898228310955386 2.5 0.75
-9.031290245970036 -8.30339714162611 1.898228310955386 2.5 0.75
-9.127773999227594 -8.019335730383162 1.898228310955386 2.5 0.75
-9.224257752485155 -7.73527431914021 1.898228310955386 2.5 0.75
-9.320741505742715 -7.451212907897268 1.898228310955386 2.5 0.75
-9.417225259000276 -7.167151496654316 1.898228310955386 2.5 0.75
-9.513709012257834 -6.8830900854113715 1.898228310955386 2.5 0.75
-9.610192765515395 -6.5990286741684265 1.898228310955386 2.5 0.75
-9.706676518772955 -6.314967262925478 1.898228310955386 2.5 0.75
-9.803160272030514 -6.03090585168253 1.898228310955386 2.5 0.75
-9.899644025288076 -5.746844440439585 1.898228310955386 2.5 0.75
-9.996127778545635 -5.462783029196636 1.898228310955386 2.5 0.75
-10.092611531803193 -5.178721617953688 1.898228310955386 2.5 0.75
-10.189095285060755 -4.894660206710743 1.898228310955386 2.5 0.75
-10.285579038318314 -4.610598795467794 1.898228310955386 2.5 0.75
-10.382062791575873 -4.326537384224849 1.898228310955386 2.5 0.75
-10.478546544833435 -4.042475972981897 1.898228310955386 2.5 0.75
-10.575030298090994 -3.758414561738956 1.898228310955386 2.5 0.75
-10.671514051348554 -3.474353150496004 1.898228310955386 2.5 0.75
-10.767997804606114 -3.1902917392530625 1.898228310955386 2.5 0.75
-10.864481557863673 -2.906230328010114 1.898228310955386 2.5 0.75
-10.960965311121234 -2.622168916767162 1.898228310955386 2.5 0.75
-11.057449064378794 -2.3381075055242206 1.898228310955386 2.5 0.75
-11.153932817636353 -2.054046094281272 1.898228310955386 2.5 0.75
-11.250416570893913 -1.7699846830383237 1.898228310955386 2.5 0.75
-11.346900324151473 -1.4859232717953752 1.898228310955386 2.5 0.75
-11.443384077409034 -1.2018618605524303 1.898228310955386 2.5 0.75
-11.539867830666592 -0.9178004493094818 1.898228310955386 2.5 0.75
-11.636351583924151 -0.6337390380665404 1.898228310955386 2.5 0.75
-11.732835337181713 -0.3496776268235884 1.898228310955386 2.5 0.75
-11.829319090439272 -0.0656162155806399 1.898228310955386 2.5 0.75
-11.925802843696832 0.21844519566230858 1.898228310955386 2.5 0.75
-12.022286596954393 0.5025066069052535 1.898228310955386 2.5 0.75
-12.118770350211951 0.7865680181481984 1.898228310955386 2.5 0.75
-12.21525410346951 1.0706294293911398 1.898228310955386 2.5 0.75
-12.311737856727069 1.3546908406340847 1.898228310955386 2.5 0.75
-12.408221609984627 1.6387522518770261 1.898228310955386 2.5 0.75
-12.504705363242186 1.9228136631199746 1.898228310955386 2.5 0.75
-12.601189116499745 2.206875074362916 1.898228310955386 2.5 0.75
-12.697672869757303 2.490936485605861 1.898228310955386 2.5 0.75
-12.794156623014862 2.774997896848806 1.898228310955386 2.5 0.75
-12.89064037627242 3.0590593080917436 1.898228310955386 2.5 0.75
-12.98712412952998 3.3431207193346957 1.898228310955386 2.5 0.75
-13.083607882787538 3.6271821305776335 1.898228310955386 2.5 0.75
-13.180091636045097 3.9112435418205784 1.898228310955386 2.5 0.75
-13.276575389302655 4.195304953063523 1.898228310955386 2.5 0.75
-13.373059142560217 4.479366364306468 1.898228310955386 2.5 0.75
-13.469542895817773 4.763427775549413 1.898228310955386 2.5 0.75
-13.566026649075335 5.047489186792351 1.898228310955386 2.5 0.75
-13.66251040233289 5.331550598035296 1.898228310955386 2.5 0.75
-13.758994155590448 5.615612009278241 1.898228310955386 2.5 0.75
-13.85547790884801 5.899673420521186 1.898228310955386 2.5 0.75
-13.951961662105566 6.183734831764131 1.898228310955386 2.5 0.75
-14.048445415363128 6.467796243007076 1.898228310955386 2.5 0.75
-14.144929168620683 6.7518576542500135 1.898228310955386 2.5 0.75
-14.241412921878245 7.035919065492958 1.898228310955386 2.5 0.75
-14.337896675135804 7.319980476735903 1.898228310955386 2.5 0.75
-14.434380428393359 7.604041887978848 1.898228310955386 2.5 0.75
-14.530864181650921 7.888103299221793 1.898228310955386 2.5 0.75
-14.627347934908476 8.172164710464731 1.898228310955386 2.5 0.75
-14.723831688166038 8.456226121707676 1.898228310955386 2.5 0.75
-14.820315441423597 8.74028753295062 1.898228310955386 2.5 0.75
-14.916799194681156 9.024348944193566 1.898228310955386 2.5 0.75
-15.013282947938714 9.30841035543651 1.898228310955386 2.5 0.75
-15.109766701196273 9.592471766679456 1.898228310955386 2.5 0.75
-15.206250454453832 9.8765331779224 1.898228310955386 2.5 0.75
-15.30273420771139 10.160594589165346 1.898228310955386 2.5 0.75
-15.39921796096895 10.44465600040829 1.898228310955386 2.5 0.75
-15.49570171422651 10.728717411651235 1.898228310955386 2.5 0.75
-15.592185467484066 11.012778822894173 1.898228310955386 2.5 0.75
-15.688669220741627 11.296840234137125 1.898228310955386 2.5 0.75
-15.785152973999185 11.580901645380063 1.898228310955386 2.5 0.75
-15.881636727256744 11.864963056623 1.898228310955386 2.5 0.75
-15.978120480514303 12.14902446786596 1.898228310955386 2.5 0.75
-16.07460423377186 12.433085879108898 1.898228310955386 2.5 0.75
-16.17108798702942 12.717147290351843 1.898228310955386 2.5 0.75
-16.267571740286975 13.001208701594773 1.898228310955386 2.5 0.75
-16.364055493544537 13.285270112837726 1.898228310955386 2.5 0.75
