-7.0 -0.3 5.92
-0.926707160541735 -2.51372041074468 1.902
-7.18846452262167 15.6717434335746 1.902
-6.42769570121375 15.9336971461151 5.042
1.0383124885835 -5.74916505151083 5.042
1.79908130999143 -5.48721133897025 1.902
-6.98027977053648 20.0099046101427 1.902
-6.21951094912858 20.2718583226833 5.042
4.00665741499235 -9.42709107734113 5.042
4.76742623640027 -9.16513736480055 1.902
-5.99631591248446 22.0950396684882 1.902
-5.23554709107654 22.3569933810288 5.042
5.82815693344939 -9.77433619438516 5.042
6.54424505334616 -9.38262030249371 1.902
-4.70291368883627 23.2815004594992 1.902
-3.94214486742834 23.5434541720398 5.042
7.29008875527314 -9.07732089560595 5.042
8.05577227016735 -8.8296404893487 1.902
-3.44615715421119 24.5743880591911 1.902
-2.68538833280328 24.8363417717316 5.042
8.84892987128579 -8.66175062315809 5.042
9.63159322205196 -8.46338324094133 1.902
-2.36637429544656 26.3812445333791 1.902
-1.60560547403864 26.6431982459197 5.042
10.4216714561178 -8.28655024346004 5.042
11.257113249746 -8.24146258911016 1.902
-1.40876573080384 28.5429209215283 1.902
-0.647996909395913 28.8048746340689 5.042
12.0524300117708 -8.07984338151045 5.042
12.8143180698711 -7.82114016834657 1.902
-0.363895573418864 30.4511712428322 1.902
0.396873247989046 30.7131249553728 5.042
13.0986643909495 -6.17671641307766 5.042
13.8756489154416 -5.96172174161391 1.902
0.781438667680605 32.0676526793966 1.902
1.54220748908853 32.3296063919372 5.042
14.3214845197951 -4.78410896947367 5.042
15.0829234697683 -4.52410145160166 1.902
1.98160730498218 33.5248834660402 1.902
2.74237612639009 33.7868371785808 5.042
15.7445679492514 -3.97426974700039 5.042
16.4927979229357 -3.67590057650756 1.902
3.25287013198681 34.7756417336086 1.902
4.01363895339472 35.0375954461492 5.042
17.4429444755084 -3.96393973080534 5.042
18.2051257023323 -3.70608794143733 1.902
4.57947000172973 35.865689559718 1.902
5.34023882313766 36.1276432722586 5.042
19.6715904706065 -5.4936240741178 5.042
20.4285880705311 -5.22071793912324 1.902
5.9367861278708 36.8665308998745 1.902
6.69755494927872 37.1284846124151 5.042
21.172599103984 -4.91009607651796 5.042
21.905313533822 -4.56666649481329 1.902
7.35681176203212 37.6852506047048 1.902
8.11758058344004 37.9472043172454 5.042
22.6422746086569 -4.23557006570233 5.042
23.4127241780788 -4.00173128684807 1.902
8.83944652379402 38.3221402001158 1.902
9.60021534520195 38.5840939126563 5.042
24.1643762095561 -3.71330049382164 5.042
24.8892417774169 -3.34707616178539 1.902
10.3446829628502 38.893389758475 1.902
11.1551793165102 39.0109242309292 5.042
25.5955570791512 -2.92697794508106 5.042
26.3213434259613 -2.56342774928535 1.902
11.9159481379181 39.2728779434697 1.902
12.7923489342487 39.1990120166327 5.042
27.0740197747266 -2.27797178966882 5.042
27.8072516447278 -1.9360449633147 1.902
13.5531177556566 39.4609657291733 1.902
14.3695968113731 39.5611251732371 5.042
28.5601554279499 -1.65124952132164 5.042
29.3281030537903 -1.41014457070253 1.902
15.130365632781 39.8230788857777 1.902
15.95215755456 39.907808646431 5.042
30.0847621759419 -1.13625542487773 5.042
30.8651894476262 -0.93139399746813 1.902
16.7129263759679 40.1697623589716 1.902
17.4736951973759 40.4317160715122 5.042
31.6463400244348 -0.728633200668437 5.042
32.3982013524763 -0.440810249000339 1.902
18.2066649376447 40.7744041778864 1.902
18.9674337590526 41.036357890427 5.042
33.1464764063058 -0.142572000755195 5.042
33.8862196633 0.180444384665084 1.902
19.6953480587964 41.3937280621654 1.902
20.4561168802043 41.6556817747059 5.042
34.6157053866058 0.533250811001011 5.042
35.3644552169636 0.830110208088203 1.902
21.1590284261088 42.0856652161163 1.902
22.6670227200494 40.177518583251 5.042
35.7472834123117 2.18968319794717 5.042
36.0670193515053 3.73248940442732 1.902
23.4277915414573 40.4394722957916 1.902
24.7594752682599 39.0433687298577 5.042
36.5095471887623 4.91868204486144 5.042
37.0201893038627 5.90705645865753 1.902
25.5202440896678 39.3053224423983 1.902
26.5202440896678 39.3053224423983 5.042
37.8201893038627 6.70705645865753 5.042
