-11.00 4.00 3.71 2.50 0.75
-11.25 3.84 3.71 2.50 0.75
-11.51 3.68 3.71 2.50 0.75
-11.76 3.52 3.71 2.50 0.75
-12.01 3.36 3.71 2.50 0.75
-12.27 3.19 3.71 2.50 0.75
-12.52 3.03 3.71 2.50 0.75
-12.77 2.87 3.71 2.50 0.75
-13.02 2.71 3.71 2.50 0.75
-13.28 2.55 3.71 2.50 0.75
-13.53 2.39 3.71 2.50 0.75
-13.78 2.23 3.71 2.50 0.75
-14.04 2.07 3.71 2.50 0.75
-14.29 1.91 3.71 2.50 0.75
-14.54 1.75 3.71 2.50 0.75
-14.80 1.58 3.71 2.50 0.75
-15.05 1.42 3.71 2.50 0.75
-15.30 1.26 3.71 2.50 0.75
-15.56 1.10 3.71 2.50 0.75
-15.81 0.94 3.71 2.50 0.75
-16.06 0.78 3.71 2.50 0.75
-16.32 0.62 3.71 2.50 0.75
-16.57 0.46 3.71 2.50 0.75
-16.82 0.30 3.71 2.50 0.75
-17.07 0.13 3.71 2.50 0.75
-17.33 -0.03 3.71 2.50 0.75
-17.58 -0.19 3.71 2.50 0.75
-17.83 -0.35 3.71 2.50 0.75
-18.09 -0.51 3.71 2.50 0.75
-18.34 -0.67 3.71 2.50 0.75
-18.59 -0.83 3.71 2.50 0.75
-18.85 -0.99 3.71 2.50 0.75
-19.10 -1.15 3.71 2.50 0.75
-19.35 -1.32 3.71 2.50 0.75
-19.61 -1.48 3.71 2.50 0.75
-19.86 -1.64 3.71 2.50 0.75
-20.11 -1.80 3.71 2.50 0.75
-20.36 -1.96 3.71 2.50 0.75
-20.62 -2.12 3.71 2.50 0.75
-20.87 -2.28 3.71 2.50 0.75
-21.12 -2.44 3.71 2.50 0.75
-21.38 -2.60 3.71 2.50 0.75
-21.63 -2.76 3.71 2.50 0.75
-21.88 -2.93 3.71 2.50 0.75
-22.14 -3.09 3.71 2.50 0.75
-22.39 -3.25 3.71 2.50 0.75
-22.64 -3.41 3.71 2.50 0.75
-22.90 -3.57 3.71 2.50 0.75
-23.15 -3.73 3.71 2.50 0.75
-23.40 -3.89 3.71 2.50 0.75
-23.65 -4.05 3.71 2.50 0.75
-23.91 -4.21 3.71 2.50 0.75
-24.16 -4.38 3.71 2.50 0.75
-24.41 -4.54 3.71 2.50 0.75
-24.67 -4.70 3.71 2.50 0.75
-24.92 -4.86 3.71 2.50 0.75
-25.17 -5.02 3.71 2.50 0.75
-25.43 -5.18 3.71 2.50 0.75
-25.68 -5.34 3.71 2.50 0.75
-25.93 -5.50 3.71 2.50 0.75
-26.19 -5.66 3.71 2.50 0.75
-26.44 -5.82 3.71 2.50 0.75
-26.69 -5.99 3.71 2.50 0.75
-26.95 -6.15 3.71 2.50 0.75
-27.20 -6.31 3.71 2.50 0.75
-27.45 -6.47 3.71 2.50 0.75
-27.70 -6.63 3.71 2.50 0.75
-27.96 -6.79 3.71 2.50 0.75
-28.21 -6.95 3.71 2.50 0.75
-28.46 -7.11 3.71 2.50 0.75
-28.72 -7.27 3.71 2.50 0.75
-28.97 -7.44 3.71 2.50 0.75
-29.22 -7.60 3.71 2.50 0.75
-29.48 -7.76 3.71 2.50 0.75
-29.73 -7.92 3.71 2.50 0.75
-29.98 -8.08 3.71 2.50 0.75
-30.24 -8.24 3.71 2.50 0.75
-30.49 -8.40 3.71 2.50 0.75
-30.74 -8.56 3.71 2.50 0.75
-30.99 -8.72 3.71 2.50 0.75
-31.25 -8.89 3.71 2.50 0.75
-31.50 -9.05 3.71 2.50 0.75
-31.75 -9.21 3.71 2.50 0.75
-32.01 -9.37 3.71 2.50 0.75
-32.26 -9.53 3.71 2.50 0.75
-32.51 -9.69 3.71 2.50 0.75
-32.77 -9.85 3.71 2.50 0.75