22.3 2.2 1.57
22.249742411481122 3.19868801776447 1.6239921065950946
22.196571716954406 4.1972734558936 1.6239921065950946
22.143401022427692 5.195858894022731 1.6239921065950946
22.09023032790098 6.1944443321518605 1.6239921065950946
22.037059633374266 7.19302977028099 1.6239921065950946
21.983888938847553 8.19161520841012 1.6239921065950946
21.930718244320836 9.19020064653925 1.6239921065950946
21.877547549794123 10.188786084668381 1.6239921065950946
21.82437685526741 11.187371522797513 1.6239921065950946
21.8 11.7 1.57
22.045598357314308 12.6586558046356 1.07
22.364443982435848 13.596212795372287 1.4898098527684185
22.19798068949446 14.571727775769887 1.9898098527684185
21.584208611520665 15.348015957553395 2.4898098527684187
20.673400559252006 15.735014919825378 2.9898098527684187
19.688554109425183 15.637973819560992 3.4898098527684187
18.87079402067852 15.080651702531652 3.9898098527684187
18.42033648311735 14.199500460274486 4.489809852768419
18.447469212192495 13.210256648117973 4.989809852768419
18.872197398915148 12.308268019810937 5.071823591987158
19.0 11.6 4.71
19.02082650941691 10.600221220086238 4.733782677282084
19.042218574403844 9.600450056491491 4.733782677282084
19.063610639390777 8.600678892896745 4.733782677282084
19.08500270437771 7.600907729301997 4.733782677282084
19.106394769364645 6.60113656570725 4.733782677282084
19.12778683435158 5.601365402112503 4.733782677282084
19.14917889933851 4.601594238517755 4.733782677282084
19.170570964325442 3.6018230749230087 4.733782677282084
19.191963029312376 2.6020519113282603 4.733782677282084
