0.0 0.0 0.4 2.5 0.75
0.09351231631188132 0.03536264560226902 0.3230769230769231 2.5 0.75
0.1894656270160323 0.06343455631240234 0.24615384615384617 2.5 0.75
0.28729244095399376 0.08404970804001509 0.16923076923076924 2.5 0.75
0.38641418661465665 0.09708617777640821 0.09230769230769231 2.5 0.75
0.486241746467983 0.10258526078290818 0.0288828722858418 2.5 0.75
0.5862000383520097 0.10547314645026366 0.0288828722858418 2.5 0.75
0.6861583302360365 0.10836103211761917 0.0288828722858418 2.5 0.75
0.7861166221200632 0.11124891778497467 0.0288828722858418 2.5 0.75
0.8860749140040898 0.11413680345233015 0.0288828722858418 2.5 0.75
0.9860332058881167 0.11702468911968567 0.0288828722858418 2.5 0.75
1.0859914977721432 0.11991257478704115 0.0288828722858418 2.5 0.75
1.1859497896561702 0.12280046045439665 0.0288828722858418 2.5 0.75
1.2859080815401966 0.12568834612175211 0.0288828722858418 2.5 0.75
1.3858663734242238 0.12857623178910763 0.0288828722858418 2.5 0.75
1.4858246653082505 0.13146411745646314 0.0288828722858418 2.5 0.75
1.5857829571922772 0.13435200312381862 0.0288828722858418 2.5 0.75
1.685741249076304 0.13723988879117413 0.0288828722858418 2.5 0.75
1.7856995409603311 0.1401277744585296 0.0288828722858418 2.5 0.75
1.8856578328443576 0.1430156601258851 0.0288828722858418 2.5 0.75
1.9856161247283843 0.1459035457932406 0.0288828722858418 2.5 0.75
2.085574416612411 0.1487914314605961 0.0288828722858418 2.5 0.75
2.185532708496438 0.1516793171279516 0.0288828722858418 2.5 0.75
2.2854910003804645 0.15456720279530708 0.0288828722858418 2.5 0.75
2.3854492922644916 0.15745508846266257 0.0288828722858418 2.5 0.75
2.485407584148519 0.16034297413001808 0.0288828722858418 2.5 0.75
2.5853658760325455 0.1632308597973736 0.0288828722858418 2.5 0.75
2.6853241679165714 0.16611874546472907 0.0288828722858418 2.5 0.75
2.7852824598005985 0.16900663113208456 0.0288828722858418 2.5 0.75
2.8852407516846257 0.17189451679944007 0.0288828722858418 2.5 0.75
2.9851990435686524 0.17478240246679555 0.0288828722858418 2.5 0.75
3.085157335452679 0.17767028813415103 0.0288828722858418 2.5 0.75
3.185115627336706 0.18055817380150657 0.0288828722858418 2.5 0.75
3.285073919220733 0.18344605946886205 0.0288828722858418 2.5 0.75
3.38503221110476 0.18633394513621757 0.0288828722858418 2.5 0.75
3.484990502988786 0.18922183080357305 0.0288828722858418 2.5 0.75
3.584948794872813 0.19210971647092856 0.0288828722858418 2.5 0.75
3.6849070867568403 0.19499760213828404 0.0288828722858418 2.5 0.75
3.784865378640867 0.19788548780563953 0.0288828722858418 2.5 0.75
3.8848236705248933 0.200773373472995 0.0288828722858418 2.5 0.75
3.9847819624089196 0.2036612591403505 0.0288828722858418 2.5 0.75
4.084740254292946 0.206549144807706 0.0288828722858418 2.5 0.75
4.184698546176973 0.2094370304750615 0.0288828722858418 2.5 0.75
4.284656838060998 0.21232491614241697 0.0288828722858418 2.5 0.75
4.384615129945026 0.21521280180977245 0.0288828722858418 2.5 0.75
4.484573421829052 0.2181006874771279 0.0288828722858418 2.5 0.75
4.584531713713078 0.2209885731444834 0.0288828722858418 2.5 0.75
4.684490005597104 0.2238764588118389 0.0288828722858418 2.5 0.75
4.784448297481131 0.22676434447919433 0.0288828722858418 2.5 0.75
4.884406589365157 0.22965223014654984 0.0288828722858418 2.5 0.75
4.984364881249183 0.23254011581390532 0.0288828722858418 2.5 0.75
5.0843231731332095 0.2354280014812608 0.0288828722858418 2.5 0.75
5.184281465017237 0.2383158871486163 0.0288828722858418 2.5 0.75
5.284239756901264 0.24120377281597177 0.0288828722858418 2.5 0.75
5.38419804878529 0.24409165848332728 0.0288828722858418 2.5 0.75
5.484156340669316 0.24697954415068277 0.0288828722858418 2.5 0.75
5.5841146325533435 0.24986742981803825 0.0288828722858418 2.5 0.75
5.684072924437369 0.25275531548539376 0.0288828722858418 2.5 0.75
5.784031216321395 0.25564320115274924 0.0288828722858418 2.5 0.75
5.883989508205422 0.2585310868201047 0.0288828722858418 2.5 0.75
5.983947800089449 0.2614189724874602 0.0288828722858418 2.5 0.75
6.083906091973474 0.26430685815481564 0.0288828722858418 2.5 0.75
6.183864383857501 0.2671947438221712 0.0288828722858418 2.5 0.75
6.283822675741527 0.27008262948952666 0.0288828722858418 2.5 0.75
6.383780967625554 0.27297051515688214 0.0288828722858418 2.5 0.75
6.483739259509581 0.2758584008242376 0.0288828722858418 2.5 0.75
6.583697551393607 0.27874628649159305 0.0288828722858418 2.5 0.75
6.6836558432776325 0.28163417215894854 0.0288828722858418 2.5 0.75
6.78361413516166 0.284522057826304 0.0288828722858418 2.5 0.75
6.883572427045686 0.28740994349365956 0.0288828722858418 2.5 0.75
6.983530718929712 0.29029782916101504 0.0288828722858418 2.5 0.75
7.083489010813739 0.2931857148283705 0.0288828722858418 2.5 0.75
7.183447302697765 0.296073600495726 0.0288828722858418 2.5 0.75
7.283405594581791 0.29896148616308144 0.0288828722858418 2.5 0.75
7.383363886465818 0.3018493718304369 0.0288828722858418 2.5 0.75
7.4833221783498445 0.30473725749779246 0.0288828722858418 2.5 0.75
7.58328047023387 0.30762514316514794 0.0288828722858418 2.5 0.75
7.683238762117896 0.3105130288325034 0.0288828722858418 2.5 0.75
7.783197054001923 0.3134009144998589 0.0288828722858418 2.5 0.75
7.88315534588595 0.3162888001672144 0.0288828722858418 2.5 0.75
7.983113637769976 0.3191766858345698 0.0288828722858418 2.5 0.75
8.083071929654002 0.3220645715019253 0.0288828722858418 2.5 0.75
8.18303022153803 0.32495245716928084 0.0288828722858418 2.5 0.75
8.282988513422055 0.3278403428366363 0.0288828722858418 2.5 0.75
8.382946805306082 0.3307282285039918 0.0288828722858418 2.5 0.75
8.482905097190107 0.3336161141713473 0.0288828722858418 2.5 0.75
8.582863389074134 0.33650399983870277 0.0288828722858418 2.5 0.75
8.682821680958162 0.3393918855060582 0.0288828722858418 2.5 0.75
8.782779972842187 0.34227977117341374 0.0288828722858418 2.5 0.75
8.882738264726212 0.34516765684076917 0.0288828722858418 2.5 0.75
8.98269655661024 0.3480555425081247 0.0288828722858418 2.5 0.75
9.082654848494267 0.35094342817548013 0.0288828722858418 2.5 0.75
9.182613140378292 0.3538313138428357 0.0288828722858418 2.5 0.75
9.28257143226232 0.3567191995101911 0.0288828722858418 2.5 0.75
9.382529724146345 0.35960708517754664 0.0288828722858418 2.5 0.75
9.482488016030372 0.3624949708449021 0.0288828722858418 2.5 0.75
9.582446307914397 0.3653828565122576 0.0288828722858418 2.5 0.75
9.682404599798424 0.3682707421796131 0.0288828722858418 2.5 0.75
9.782362891682451 0.37115862784696857 0.0288828722858418 2.5 0.75
9.882321183566477 0.37404651351432405 0.0288828722858418 2.5 0.75
9.982279475450504 0.3769343991816795 0.0288828722858418 2.5 0.75
10.08223776733453 0.379822284849035 0.0288828722858418 2.5 0.75
10.182196059218557 0.38271017051639045 0.0288828722858418 2.5 0.75
10.282154351102584 0.385598056183746 0.0288828722858418 2.5 0.75
10.382112642986609 0.3884859418511014 0.0288828722858418 2.5 0.75
10.482070934870634 0.391373827518457 0.0288828722858418 2.5 0.75
10.582029226754662 0.3942617131858124 0.0288828722858418 2.5 0.75
10.681987518638687 0.3971495988531679 0.0288828722858418 2.5 0.75
10.781945810522714 0.4000374845205234 0.0288828722858418 2.5 0.75
10.881904102406741 0.40292537018787894 0.0288828722858418 2.5 0.75
10.981862394290768 0.40581325585523437 0.0288828722858418 2.5 0.75
11.081820686174796 0.4087011415225899 0.0288828722858418 2.5 0.75
11.181778978058821 0.41158902718994533 0.0288828722858418 2.5 0.75
11.281737269942848 0.4144769128573008 0.0288828722858418 2.5 0.75
11.381695561826875 0.4173647985246563 0.0288828722858418 2.5 0.75
11.481653853710899 0.4202526841920118 0.0288828722858418 2.5 0.75
11.581612145594926 0.42314056985936727 0.0288828722858418 2.5 0.75
11.681570437478953 0.4260284555267228 0.0288828722858418 2.5 0.75
11.781528729362979 0.4289163411940783 0.0288828722858418 2.5 0.75
11.881487021247006 0.43180422686143377 0.0288828722858418 2.5 0.75
11.981445313131033 0.43469211252878925 0.0288828722858418 2.5 0.75
12.081403605015058 0.43757999819614474 0.0288828722858418 2.5 0.75
12.181361896899086 0.4404678838635002 0.0288828722858418 2.5 0.75
12.281320188783113 0.44335576953085565 0.0288828722858418 2.5 0.75
12.381278480667138 0.44624365519821113 0.0288828722858418 2.5 0.75
12.481236772551165 0.4491315408655666 0.0288828722858418 2.5 0.75
12.581195064435192 0.4520194265329221 0.0288828722858418 2.5 0.75
12.681153356319216 0.4549073122002776 0.0288828722858418 2.5 0.75
12.781111648203243 0.45779519786763306 0.0288828722858418 2.5 0.75
12.881069940087269 0.46068308353498855 0.0288828722858418 2.5 0.75
12.981028231971296 0.4635709692023441 0.0288828722858418 2.5 0.75
13.080986523855323 0.46645885486969957 0.0288828722858418 2.5 0.75
13.180944815739348 0.46934674053705505 0.0288828722858418 2.5 0.75
13.280903107623375 0.47223462620441053 0.0288828722858418 2.5 0.75
13.380861399507403 0.475122511871766 0.0288828722858418 2.5 0.75
13.480819691391426 0.4780103975391215 0.0288828722858418 2.5 0.75
13.580777983275453 0.48089828320647693 0.0288828722858418 2.5 0.75
13.68073627515948 0.4837861688738324 0.0288828722858418 2.5 0.75
13.780694567043506 0.4866740545411879 0.0288828722858418 2.5 0.75
13.880652858927533 0.4895619402085434 0.0288828722858418 2.5 0.75
13.98061115081156 0.49244982587589886 0.0288828722858418 2.5 0.75
14.080569442695586 0.49533771154325434 0.0288828722858418 2.5 0.75
14.180527734579613 0.4982255972106099 0.0288828722858418 2.5 0.75
14.28048602646364 0.5011134828779653 0.0288828722858418 2.5 0.75
14.380444318347664 0.5040013685453208 0.0288828722858418 2.5 0.75
14.48040261023169 0.5068892542126763 0.0288828722858418 2.5 0.75
14.580360902115718 0.5097771398800318 0.0288828722858418 2.5 0.75
14.680319193999743 0.5126650255473874 0.0288828722858418 2.5 0.75
14.78027748588377 0.5155529112147428 0.0288828722858418 2.5 0.75
14.880235777767798 0.5184407968820982 0.0288828722858418 2.5 0.75
14.980194069651823 0.5213286825494537 0.0288828722858418 2.5 0.75
15.08015236153585 0.5242165682168092 0.0288828722858418 2.5 0.75
15.180110653419877 0.5271044538841647 0.0288828722858418 2.5 0.75
15.280068945303903 0.5299923395515201 0.0288828722858418 2.5 0.75
15.38002723718793 0.5328802252188757 0.0288828722858418 2.5 0.75
15.479985529071957 0.5357681108862311 0.0288828722858418 2.5 0.75
15.57994382095598 0.5386559965535866 0.0288828722858418 2.5 0.75
15.679902112840008 0.5415438822209421 0.0288828722858418 2.5 0.75
15.779860404724035 0.5444317678882976 0.0288828722858418 2.5 0.75
15.87981869660806 0.547319653555653 0.0288828722858418 2.5 0.75
15.979776988492087 0.5502075392230086 0.0288828722858418 2.5 0.75
16.079735280376116 0.5530954248903641 0.0288828722858418 2.5 0.75
16.17969357226014 0.5559833105577195 0.0288828722858418 2.5 0.75
16.27965186414417 0.5588711962250751 0.0288828722858418 2.5 0.75
16.3796101560282 0.5617590818924306 0.0288828722858418 2.5 0.75
16.479568447912225 0.5646469675597862 0.0288828722858418 2.5 0.75
16.579526739796254 0.5675348532271417 0.0288828722858418 2.5 0.75
16.679485031680283 0.5704227388944972 0.0288828722858418 2.5 0.75
16.77944332356431 0.5733106245618528 0.0288828722858418 2.5 0.75
16.879401615448337 0.5761985102292083 0.0288828722858418 2.5 0.75
16.979359907332366 0.5790863958965639 0.0288828722858418 2.5 0.75
17.07931819921639 0.5819742815639193 0.0288828722858418 2.5 0.75
17.179276491100424 0.5848621672312749 0.0288828722858418 2.5 0.75
17.27923478298445 0.5877500528986305 0.0288828722858418 2.5 0.75
17.37919307486848 0.590637938565986 0.0288828722858418 2.5 0.75
17.479151366752507 0.5935258242333414 0.0288828722858418 2.5 0.75
17.579109658636533 0.5964137099006971 0.0288828722858418 2.5 0.75
17.679031828295262 0.6001792075815566 0.06564380599884839 2.5 0.75
17.77846590186453 0.610568385577302 0.14256688292192682 2.5 0.75
17.876807557178935 0.6285680754643034 0.21948995984500524 2.5 0.75
17.97347517783056 0.6540718227097158 0.2964130367680819 2.5 0.75
18.067897048058633 0.6869287919649407 0.3733361136911603 2.5 0.75
18.1 0.7 0.4 2.5 0.75
18.190518267394193 0.7424442372290839 0.47692307692307695 2.5 0.75
18.27750713887695 0.7917190405687367 0.5538461538461539 2.5 0.75
18.360452141158206 0.8475329868775898 0.6307692307692307 2.5 0.75
18.43886271737142 0.9095559789363136 0.7076923076923077 2.5 0.75
18.51227512834591 0.9774211977226535 0.7846153846153846 2.5 0.75
18.580255195272795 1.0507272718681235 0.8615384615384616 2.5 0.75
18.642400867543827 1.1290406514656526 0.9384615384615385 2.5 0.75
18.69834460057621 1.2118981721889193 1.0153846153846153 2.5 0.75
18.747755529560443 1.2988097945585424 1.0923076923076922 2.5 0.75
18.790341426275074 1.3892615021544517 1.169230769230769 2.5 0.75
18.825850427395288 1.4827183416336978 1.2461538461538462 2.5 0.75
18.85407252407373 1.5786275865743074 1.323076923076923 2.5 0.75
18.874840803983755 1.6764220064334372 1.4 2.5 0.75
18.888032438479446 1.7755232212864205 1.476923076923077 2.5 0.75
18.893569409034015 1.875345122505957 1.553846153846154 2.5 0.75
18.89185684629347 1.9753160310360116 1.6048022512866873 2.5 0.75
18.88845690921556 2.0752582164627187 1.6048022512866873 2.5 0.75
18.885056972137647 2.1752004018894255 1.6048022512866873 2.5 0.75
18.881657035059735 2.275142587316132 1.6048022512866873 2.5 0.75
18.878257097981823 2.375084772742839 1.6048022512866873 2.5 0.75
18.87485716090391 2.4750269581695457 1.6048022512866873 2.5 0.75
18.871457223826 2.5749691435962525 1.6048022512866873 2.5 0.75
18.868057286748087 2.6749113290229594 1.6048022512866873 2.5 0.75
18.864657349670175 2.774853514449666 1.6048022512866873 2.5 0.75
18.861257412592263 2.8747956998763735 1.6048022512866873 2.5 0.75
18.85785747551435 2.97473788530308 1.6048022512866873 2.5 0.75
18.85445753843644 3.074680070729787 1.6048022512866873 2.5 0.75
18.851057601358526 3.1746222561564936 1.6048022512866873 2.5 0.75
18.847657664280614 3.274564441583201 1.6048022512866873 2.5 0.75
18.844257727202702 3.374506627009908 1.6048022512866873 2.5 0.75
18.840857790124794 3.4744488124366146 1.6048022512866873 2.5 0.75
18.83745785304688 3.574390997863321 1.6048022512866873 2.5 0.75
18.83405791596897 3.6743331832900283 1.6048022512866873 2.5 0.75
18.830657978891058 3.7742753687167356 1.6048022512866873 2.5 0.75
18.827258041813145 3.874217554143441 1.6048022512866873 2.5 0.75
18.823858104735233 3.9741597395701493 1.6048022512866873 2.5 0.75
18.82045816765732 4.074101924996855 1.6048022512866873 2.5 0.75
18.81705823057941 4.174044110423562 1.6048022512866873 2.5 0.75
18.813658293501497 4.273986295850269 1.6048022512866873 2.5 0.75
18.810258356423585 4.373928481276975 1.6048022512866873 2.5 0.75
18.806858419345673 4.473870666703682 1.6048022512866873 2.5 0.75
18.80345848226776 4.573812852130388 1.6048022512866873 2.5 0.75
18.80005854518985 4.673755037557095 1.6048022512866873 2.5 0.75
18.796658608111937 4.7736972229838015 1.6048022512866873 2.5 0.75
18.793258671034025 4.873639408410508 1.6048022512866873 2.5 0.75
18.789858733956113 4.973581593837214 1.6048022512866873 2.5 0.75
18.7864587968782 5.073523779263921 1.6048022512866873 2.5 0.75
18.78305885980029 5.173465964690627 1.6048022512866873 2.5 0.75
18.779658922722376 5.2734081501173335 1.6048022512866873 2.5 0.75
18.776258985644468 5.37335033554404 1.6048022512866873 2.5 0.75
18.772859048566556 5.473292520970746 1.6048022512866873 2.5 0.75
18.769459111488644 5.573234706397453 1.6048022512866873 2.5 0.75
18.76605917441073 5.67317689182416 1.6048022512866873 2.5 0.75
18.76265923733282 5.773119077250866 1.6048022512866873 2.5 0.75
18.759259300254907 5.873061262677573 1.6048022512866873 2.5 0.75
18.755859363176995 5.973003448104279 1.6048022512866873 2.5 0.75
18.752459426099083 6.072945633530986 1.6048022512866873 2.5 0.75
18.74905948902117 6.172887818957692 1.6048022512866873 2.5 0.75
18.74565955194326 6.2728300043843985 1.6048022512866873 2.5 0.75
18.742259614865347 6.372772189811105 1.6048022512866873 2.5 0.75
18.738859677787435 6.4727143752378105 1.6048022512866873 2.5 0.75
18.735459740709523 6.572656560664517 1.6048022512866873 2.5 0.75
18.73205980363161 6.672598746091223 1.6048022512866873 2.5 0.75
18.7286598665537 6.772540931517931 1.6048022512866873 2.5 0.75
18.725259929475786 6.872483116944637 1.6048022512866873 2.5 0.75
18.721859992397874 6.972425302371343 1.6048022512866873 2.5 0.75
18.718460055319962 7.07236748779805 1.6048022512866873 2.5 0.75
18.71506011824205 7.172309673224755 1.6048022512866873 2.5 0.75
18.71166018116414 7.272251858651463 1.6048022512866873 2.5 0.75
18.70826024408623 7.372194044078169 1.6048022512866873 2.5 0.75
18.704860307008317 7.472136229504875 1.6048022512866873 2.5 0.75
18.701460369930405 7.572078414931582 1.6048022512866873 2.5 0.75
18.698060432852493 7.672020600358288 1.6048022512866873 2.5 0.75
18.69466049577458 7.771962785784994 1.6048022512866873 2.5 0.75
18.69126055869667 7.871904971211702 1.6048022512866873 2.5 0.75
18.687860621618757 7.9718471566384075 1.6048022512866873 2.5 0.75
18.684460684540845 8.071789342065113 1.6048022512866873 2.5 0.75
18.681060747462933 8.17173152749182 1.6048022512866873 2.5 0.75
18.67766081038502 8.271673712918526 1.6048022512866873 2.5 0.75
18.67426087330711 8.371615898345233 1.6048022512866873 2.5 0.75
18.670860936229197 8.47155808377194 1.6048022512866873 2.5 0.75
18.667460999151285 8.571500269198646 1.6048022512866873 2.5 0.75
18.664061062073372 8.671442454625351 1.6048022512866873 2.5 0.75
18.66066112499546 8.771384640052059 1.6048022512866873 2.5 0.75
18.65726118791755 8.871326825478764 1.6048022512866873 2.5 0.75
18.653861250839636 8.97126901090547 1.6048022512866873 2.5 0.75
18.650461313761724 9.071211196332177 1.6048022512866873 2.5 0.75
18.647061376683812 9.171153381758884 1.6048022512866873 2.5 0.75
18.643661439605903 9.27109556718559 1.6048022512866873 2.5 0.75
18.64026150252799 9.371037752612297 1.6048022512866873 2.5 0.75
18.63686156545008 9.470979938039003 1.6048022512866873 2.5 0.75
18.633461628372167 9.570922123465708 1.6048022512866873 2.5 0.75
18.630061691294255 9.670864308892416 1.6048022512866873 2.5 0.75
18.626661754216343 9.770806494319123 1.6048022512866873 2.5 0.75
18.62326181713843 9.870748679745828 1.6048022512866873 2.5 0.75
18.61986188006052 9.970690865172536 1.6048022512866873 2.5 0.75
18.616461942982607 10.070633050599241 1.6048022512866873 2.5 0.75
18.613062005904695 10.170575236025947 1.6048022512866873 2.5 0.75
18.609662068826783 10.270517421452654 1.6048022512866873 2.5 0.75
18.60626213174887 10.370459606879361 1.6048022512866873 2.5 0.75
18.60286219467096 10.470401792306067 1.6048022512866873 2.5 0.75
18.599462257593046 10.570343977732774 1.6048022512866873 2.5 0.75
18.596062320515134 10.67028616315948 1.6048022512866873 2.5 0.75
18.592662383437222 10.770228348586187 1.6048022512866873 2.5 0.75
18.58926244635931 10.870170534012892 1.6048022512866873 2.5 0.75
18.585862509281398 10.9701127194396 1.6048022512866873 2.5 0.75
18.582462572203486 11.070054904866305 1.6048022512866873 2.5 0.75
18.579062635125577 11.169997090293013 1.6048022512866873 2.5 0.75
18.575662698047665 11.269939275719718 1.6048022512866873 2.5 0.75
18.572262760969753 11.369881461146425 1.6048022512866873 2.5 0.75
18.56886282389184 11.469823646573131 1.6048022512866873 2.5 0.75
18.56546288681393 11.569765831999836 1.6048022512866873 2.5 0.75
18.562062949736017 11.669708017426544 1.6048022512866873 2.5 0.75
18.558663012658105 11.76965020285325 1.6048022512866873 2.5 0.75
18.555263075580193 11.869592388279957 1.6048022512866873 2.5 0.75
18.55186313850228 11.969534573706662 1.6048022512866873 2.5 0.75
18.54846320142437 12.069476759133368 1.6048022512866873 2.5 0.75
18.545063264346457 12.169418944560077 1.6048022512866873 2.5 0.75
18.541663327268544 12.269361129986784 1.6048022512866873 2.5 0.75
18.538263390190632 12.369303315413488 1.6048022512866873 2.5 0.75
18.53486345311272 12.469245500840193 1.6048022512866873 2.5 0.75
18.53146351603481 12.569187686266899 1.6048022512866873 2.5 0.75
18.528063578956896 12.669129871693606 1.6048022512866873 2.5 0.75
18.524663641878984 12.769072057120312 1.6048022512866873 2.5 0.75
18.521263704801072 12.869014242547019 1.6048022512866873 2.5 0.75
18.51786376772316 12.968956427973724 1.6048022512866873 2.5 0.75
18.51446383064525 13.068898613400435 1.6048022512866873 2.5 0.75
18.51106389356734 13.16884079882714 1.6048022512866873 2.5 0.75
18.507663956489427 13.268782984253848 1.6048022512866873 2.5 0.75
18.504264019411515 13.368725169680554 1.6048022512866873 2.5 0.75
18.500864082333603 13.46866735510726 1.6048022512866873 2.5 0.75
18.49746414525569 13.568609540533966 1.6048022512866873 2.5 0.75
18.49406420817778 13.668551725960672 1.6048022512866873 2.5 0.75
18.490664271099867 13.76849391138738 1.6048022512866873 2.5 0.75
18.487264334021955 13.868436096814085 1.6048022512866873 2.5 0.75
18.483864396944043 13.968378282240792 1.6048022512866873 2.5 0.75
18.48046445986613 14.068320467667498 1.6048022512866873 2.5 0.75
18.47706452278822 14.168262653094203 1.6048022512866873 2.5 0.75
18.473664585710306 14.26820483852091 1.6048022512866873 2.5 0.75
18.470264648632394 14.368147023947616 1.6048022512866873 2.5 0.75
18.466864711554482 14.468089209374323 1.6048022512866873 2.5 0.75
18.46346477447657 14.568031394801029 1.6048022512866873 2.5 0.75
18.460064837398658 14.667973580227734 1.6048022512866873 2.5 0.75
18.456664900320746 14.767915765654442 1.6048022512866873 2.5 0.75
18.453264963242834 14.867857951081147 1.6048022512866873 2.5 0.75
18.44986502616492 14.967800136507854 1.6048022512866873 2.5 0.75
18.446465089087013 15.06774232193456 1.6048022512866873 2.5 0.75
18.4430651520091 15.167684507361265 1.6048022512866873 2.5 0.75
18.43966521493119 15.267626692787973 1.6048022512866873 2.5 0.75
18.436265277853277 15.367568878214678 1.6048022512866873 2.5 0.75
18.432865340775365 15.467511063641386 1.6048022512866873 2.5 0.75
18.429465403697453 15.567453249068096 1.6048022512866873 2.5 0.75
18.42606546661954 15.667395434494802 1.6048022512866873 2.5 0.75
18.42266552954163 15.767337619921507 1.6048022512866873 2.5 0.75
18.419265592463717 15.867279805348215 1.6048022512866873 2.5 0.75
18.415865655385804 15.96722199077492 1.6048022512866873 2.5 0.75
18.412465718307892 16.06716417620163 1.6048022512866873 2.5 0.75
18.40906578122998 16.167106361628335 1.6048022512866873 2.5 0.75
18.405665844152068 16.26704854705504 1.6048022512866873 2.5 0.75
18.402265907074156 16.366990732481746 1.6048022512866873 2.5 0.75
18.398865969996244 16.46693291790845 1.6048022512866873 2.5 0.75
18.395466032918332 16.56687510333516 1.6048022512866873 2.5 0.75
18.39206609584042 16.66681728876187 1.6048022512866873 2.5 0.75
18.388666158762508 16.766759474188575 1.6048022512866873 2.5 0.75
18.385266221684596 16.866701659615288 1.6048022512866873 2.5 0.75
18.381866284606684 16.966643845041993 1.6048022512866873 2.5 0.75
18.378466347528775 17.0665860304687 1.6048022512866873 2.5 0.75
18.375066410450863 17.166528215895408 1.6048022512866873 2.5 0.75
18.37166647337295 17.266470401322117 1.6048022512866873 2.5 0.75
18.36826653629504 17.366412586748826 1.6048022512866873 2.5 0.75
18.364866599217127 17.46635477217553 1.6048022512866873 2.5 0.75
18.361466662139215 17.56629695760224 1.6048022512866873 2.5 0.75
18.358066725061303 17.66623914302895 1.6048022512866873 2.5 0.75
18.35466678798339 17.766181328455655 1.6048022512866873 2.5 0.75
18.35126685090548 17.86612351388236 1.6048022512866873 2.5 0.75
18.347866913827566 17.966065699309077 1.6048022512866873 2.5 0.75
18.344466976749654 18.066007884735782 1.6048022512866873 2.5 0.75
18.341067039671742 18.165950070162495 1.6048022512866873 2.5 0.75
18.33766710259383 18.2658922555892 1.6048022512866873 2.5 0.75
18.334267165515918 18.365834441015906 1.6048022512866873 2.5 0.75
18.330867228438006 18.46577662644262 1.6048022512866873 2.5 0.75
18.327467291360094 18.565718811869324 1.6048022512866873 2.5 0.75
18.32406735428218 18.665660997296037 1.6048022512866873 2.5 0.75
18.32066741720427 18.765603182722742 1.6048022512866873 2.5 0.75
18.317267480126358 18.865545368149448 1.6048022512866873 2.5 0.75
18.313867543048445 18.965487553576157 1.6048022512866873 2.5 0.75
18.310467605970533 19.065429739002866 1.6048022512866873 2.5 0.75
18.304045406990568 19.165200212359014 1.6730498506534262 2.5 0.75
18.3 19.2 1.7 2.5 0.75
18.2833160382912 19.2985734012181 1.7769230769230768 2.5 0.75
18.25910631942347 19.395573192549577 1.853846153846154 2.5 0.75
18.227514025547638 19.490425693695663 1.9307692307692308 2.5 0.75
18.1887260011542 19.582569923952686 2.0076923076923077 2.5 0.75
18.14297164802968 19.67146091998806 2.0846153846153843 2.5 0.75
18.090521568518774 19.756572958885652 2.1615384615384614 2.5 0.75
18.03168596511648 19.83740266739863 2.2384615384615385 2.5 0.75
17.96681280585525 19.913471999020988 2.315384615384615 2.5 0.75
17.89628576633765 19.984331061270552 2.3923076923076922 2.5 0.75
17.820521960585737 20.049560776462265 2.4692307692307693 2.5 0.75
17.739969474127577 20.10877536023529 2.546153846153846 2.5 0.75
17.65510471391068 20.161624603175316 2.623076923076923 2.5 0.75
17.56642959071577 20.207795942037997 2.7 2.5 0.75
17.47446855073463 20.2470163083238 2.776923076923077 2.5 0.75
17.37976547386812 20.279053743271373 2.853846153846154 2.5 0.75
17.282880457088453 20.303718769717925 2.930769230769231 2.5 0.75
17.18438650188987 20.320865512713144 3.0076923076923077 2.5 0.75
17.08486612541874 20.330392562259032 3.084615384615385 2.5 0.75
16.984907915325866 20.332243573073246 3.161538461538462 2.5 0.75
16.885037677474656 20.327314856369316 3.201052243667095 2.5 0.75
16.785214397542752 20.321372400342014 3.201052243667095 2.5 0.75
16.68539111761085 20.315429944314708 3.201052243667095 2.5 0.75
16.58556783767894 20.309487488287402 3.201052243667095 2.5 0.75
16.485744557747037 20.3035450322601 3.201052243667095 2.5 0.75
16.38592127781513 20.297602576232794 3.201052243667095 2.5 0.75
16.286097997883225 20.29166012020549 3.201052243667095 2.5 0.75
16.18627471795132 20.285717664178186 3.201052243667095 2.5 0.75
16.086451438019413 20.27977520815088 3.201052243667095 2.5 0.75
15.986628158087509 20.273832752123575 3.201052243667095 2.5 0.75
15.886804878155603 20.267890296096272 3.201052243667095 2.5 0.75
15.786981598223697 20.261947840068967 3.201052243667095 2.5 0.75
15.687158318291793 20.25600538404166 3.201052243667095 2.5 0.75
15.587335038359887 20.25006292801436 3.201052243667095 2.5 0.75
15.487511758427981 20.244120471987053 3.201052243667095 2.5 0.75
15.387688478496075 20.238178015959747 3.201052243667095 2.5 0.75
15.28786519856417 20.23223555993244 3.201052243667095 2.5 0.75
15.188041918632265 20.22629310390514 3.201052243667095 2.5 0.75
15.08821863870036 20.220350647877833 3.201052243667095 2.5 0.75
14.988395358768454 20.214408191850527 3.201052243667095 2.5 0.75
14.88857207883655 20.208465735823225 3.201052243667095 2.5 0.75
14.788748798904644 20.20252327979592 3.201052243667095 2.5 0.75
14.688925518972738 20.196580823768613 3.201052243667095 2.5 0.75
14.589102239040834 20.19063836774131 3.201052243667095 2.5 0.75
14.48927895910893 20.184695911714005 3.201052243667095 2.5 0.75
14.389455679177024 20.1787534556867 3.201052243667095 2.5 0.75
14.289632399245118 20.172810999659397 3.201052243667095 2.5 0.75
14.189809119313214 20.16686854363209 3.201052243667095 2.5 0.75
14.089985839381308 20.160926087604786 3.201052243667095 2.5 0.75
13.990162559449404 20.15498363157748 3.201052243667095 2.5 0.75
13.890339279517498 20.149041175550177 3.201052243667095 2.5 0.75
13.790515999585594 20.14309871952287 3.201052243667095 2.5 0.75
13.690692719653686 20.137156263495566 3.201052243667095 2.5 0.75
13.590869439721782 20.131213807468264 3.201052243667095 2.5 0.75
13.491046159789878 20.125271351440958 3.201052243667095 2.5 0.75
13.391222879857972 20.119328895413652 3.201052243667095 2.5 0.75
13.291399599926066 20.11338643938635 3.201052243667095 2.5 0.75
13.191576319994162 20.107443983359044 3.201052243667095 2.5 0.75
13.091753040062258 20.101501527331738 3.201052243667095 2.5 0.75
12.99192976013035 20.095559071304436 3.201052243667095 2.5 0.75
12.892106480198446 20.08961661527713 3.201052243667095 2.5 0.75
12.792283200266542 20.083674159249824 3.201052243667095 2.5 0.75
12.692459920334636 20.077731703222522 3.201052243667095 2.5 0.75
12.592636640402732 20.071789247195216 3.201052243667095 2.5 0.75
12.492813360470826 20.06584679116791 3.201052243667095 2.5 0.75
12.392990080538922 20.059904335140608 3.201052243667095 2.5 0.75
12.293166800607016 20.053961879113302 3.201052243667095 2.5 0.75
12.19334352067511 20.048019423085996 3.201052243667095 2.5 0.75
12.093520240743207 20.04207696705869 3.201052243667095 2.5 0.75
11.993696960811302 20.03613451103139 3.201052243667095 2.5 0.75
11.893873680879395 20.030192055004083 3.201052243667095 2.5 0.75
11.79405040094749 20.024249598976777 3.201052243667095 2.5 0.75
11.694227121015587 20.018307142949475 3.201052243667095 2.5 0.75
11.59440384108368 20.01236468692217 3.201052243667095 2.5 0.75
11.494580561151777 20.006422230894863 3.201052243667095 2.5 0.75
11.39475728121987 20.00047977486756 3.201052243667095 2.5 0.75
11.294934001287967 19.994537318840255 3.201052243667095 2.5 0.75
11.195110721356063 19.98859486281295 3.201052243667095 2.5 0.75
11.095287441424155 19.982652406785647 3.201052243667095 2.5 0.75
10.99546416149225 19.97670995075834 3.201052243667095 2.5 0.75
10.895640881560347 19.970767494731035 3.201052243667095 2.5 0.75
10.79581760162844 19.964825038703733 3.201052243667095 2.5 0.75
10.695994321696535 19.958882582676427 3.201052243667095 2.5 0.75
10.59617104176463 19.95294012664912 3.201052243667095 2.5 0.75
10.496347761832725 19.94699767062182 3.201052243667095 2.5 0.75
10.396524481900821 19.941055214594513 3.201052243667095 2.5 0.75
10.296701201968915 19.935112758567207 3.201052243667095 2.5 0.75
10.196877922037011 19.929170302539905 3.201052243667095 2.5 0.75
10.097054642105105 19.9232278465126 3.201052243667095 2.5 0.75
9.9972313621732 19.917285390485294 3.201052243667095 2.5 0.75
9.897408082241295 19.91134293445799 3.201052243667095 2.5 0.75
9.797584802309391 19.905400478430685 3.201052243667095 2.5 0.75
9.697761522377485 19.89945802240338 3.201052243667095 2.5 0.75
9.597938242445581 19.893515566376074 3.201052243667095 2.5 0.75
9.498114962513675 19.88757311034877 3.201052243667095 2.5 0.75
9.39829168258177 19.881630654321466 3.201052243667095 2.5 0.75
9.298468402649865 19.87568819829416 3.201052243667095 2.5 0.75
9.19864512271796 19.869745742266858 3.201052243667095 2.5 0.75
9.098821842786055 19.863803286239552 3.201052243667095 2.5 0.75
8.99899856285415 19.857860830212246 3.201052243667095 2.5 0.75
8.899175282922245 19.851918374184944 3.201052243667095 2.5 0.75
8.79935200299034 19.845975918157638 3.201052243667095 2.5 0.75
8.699528723058433 19.840033462130332 3.201052243667095 2.5 0.75
8.59970544312653 19.83409100610303 3.201052243667095 2.5 0.75
8.499882163194625 19.828148550075724 3.201052243667095 2.5 0.75
8.40005888326272 19.82220609404842 3.201052243667095 2.5 0.75
8.300235603330814 19.816263638021116 3.201052243667095 2.5 0.75
8.20041232339891 19.81032118199381 3.201052243667095 2.5 0.75
8.100589043467004 19.804378725966505 3.201052243667095 2.5 0.75
8.0007657635351 19.798436269939202 3.201052243667095 2.5 0.75
7.900942483603194 19.792493813911896 3.201052243667095 2.5 0.75
7.8011192036712895 19.78655135788459 3.201052243667095 2.5 0.75
7.701295923739384 19.780608901857285 3.201052243667095 2.5 0.75
7.601472643807478 19.774666445829983 3.201052243667095 2.5 0.75
7.501649363875572 19.768723989802677 3.201052243667095 2.5 0.75
7.401826083943668 19.76278153377537 3.201052243667095 2.5 0.75
7.302002804011764 19.75683907774807 3.201052243667095 2.5 0.75
7.202179524079858 19.750896621720763 3.201052243667095 2.5 0.75
7.102356244147952 19.744954165693457 3.201052243667095 2.5 0.75
7.002532964216048 19.739011709666155 3.201052243667095 2.5 0.75
6.902709684284142 19.73306925363885 3.201052243667095 2.5 0.75
6.802886404352238 19.727126797611543 3.201052243667095 2.5 0.75
6.703063124420334 19.72118434158424 3.201052243667095 2.5 0.75
6.603239844488428 19.715241885556935 3.201052243667095 2.5 0.75
6.503416564556524 19.70929942952963 3.201052243667095 2.5 0.75
6.403593284624616 19.703356973502327 3.201052243667095 2.5 0.75
6.303770004692712 19.69741451747502 3.201052243667095 2.5 0.75
6.203946724760808 19.691472061447715 3.201052243667095 2.5 0.75
6.104123444828904 19.685529605420413 3.201052243667095 2.5 0.75
6.004300164896998 19.679587149393107 3.201052243667095 2.5 0.75
5.904476884965092 19.6736446933658 3.201052243667095 2.5 0.75
5.804653605033186 19.667702237338496 3.201052243667095 2.5 0.75
5.704830325101282 19.661759781311194 3.201052243667095 2.5 0.75
5.605007045169378 19.655817325283888 3.201052243667095 2.5 0.75
5.505183765237472 19.649874869256582 3.201052243667095 2.5 0.75
5.405360485305568 19.64393241322928 3.201052243667095 2.5 0.75
5.305537205373662 19.637989957201974 3.201052243667095 2.5 0.75
5.205713925441756 19.632047501174668 3.201052243667095 2.5 0.75
5.105890645509852 19.626105045147366 3.201052243667095 2.5 0.75
5.006067365577948 19.62016258912006 3.201052243667095 2.5 0.75
4.906244085646042 19.614220133092754 3.201052243667095 2.5 0.75
4.806420805714136 19.608277677065452 3.201052243667095 2.5 0.75
4.706597525782231 19.602335221038146 3.201052243667095 2.5 0.75
4.6067742458503265 19.59639276501084 3.201052243667095 2.5 0.75
4.506950965918422 19.590450308983538 3.201052243667095 2.5 0.75
4.407127685986518 19.584507852956232 3.201052243667095 2.5 0.75
4.307304406054611 19.578565396928926 3.201052243667095 2.5 0.75
4.2074811261227065 19.572622940901624 3.201052243667095 2.5 0.75
4.107657846190801 19.56668048487432 3.201052243667095 2.5 0.75
4.007834566258897 19.560738028847013 3.201052243667095 2.5 0.75
3.9080112863269925 19.55479557281971 3.201052243667095 2.5 0.75
3.8081880063950866 19.548853116792404 3.201052243667095 2.5 0.75
3.7083647264631807 19.5429106607651 3.201052243667095 2.5 0.75
3.6085414465312766 19.536968204737796 3.201052243667095 2.5 0.75
3.5087181665993707 19.53102574871049 3.201052243667095 2.5 0.75
3.4088948866674667 19.525083292683185 3.201052243667095 2.5 0.75
3.3090716067355626 19.51914083665588 3.201052243667095 2.5 0.75
3.209248326803655 19.513198380628577 3.201052243667095 2.5 0.75
3.109425046871751 19.50725592460127 3.201052243667095 2.5 0.75
3.009601766939845 19.501313468573965 3.201052243667095 2.5 0.75
2.909778487007941 19.495371012546663 3.201052243667095 2.5 0.75
2.8099552070760367 19.489428556519357 3.201052243667095 2.5 0.75
2.710131927144129 19.48348610049205 3.201052243667095 2.5 0.75
2.610308647212223 19.47754364446475 3.201052243667095 2.5 0.75
2.5104853672803156 19.471601188437443 3.201052243667095 2.5 0.75
2.410662087348408 19.465658732410137 3.201052243667095 2.5 0.75
2.310838807416502 19.45971627638283 3.201052243667095 2.5 0.75
2.211015527484598 19.45377382035553 3.201052243667095 2.5 0.75
2.1111922475526868 19.447831364328223 3.201052243667095 2.5 0.75
2.011368967620779 19.441888908300918 3.201052243667095 2.5 0.75
1.911545687688875 19.435946452273615 3.201052243667095 2.5 0.75
1.811722407756971 19.43000399624631 3.201052243667095 2.5 0.75
1.7118991278250633 19.424061540219004 3.201052243667095 2.5 0.75
1.612075847893152 19.4181190841917 3.201052243667095 2.5 0.75
1.5123239376620106 19.411193163729667 3.240001761810089 2.5 0.75
1.4132835774423036 19.39755215740479 3.316924838733166 2.5 0.75
1.315584365245975 19.37634051102309 3.393847915656244 2.5 0.75
1.2198041179164782 19.347683675407378 3.4707709925793226 2.5 0.75
1.1265093030734938 19.311751134035827 3.547694069502401 2.5 0.75
1.1 19.3 3.57 2.5 0.75
1.010723819235384 19.25500184943702 3.646923076923077 2.5 0.75
0.9251696225680427 19.203276135922263 3.7238461538461536 2.5 0.75
0.8438433982731217 19.145128777874476 3.8007692307692307 2.5 0.75
0.7672261293714214 19.080903672876122 3.8776923076923078 2.5 0.75
0.6957709489791206 19.010980663779627 3.9546153846153844 2.5 0.75
0.6299004603685929 18.935773292224603 4.031538461538461 2.5 0.75
0.5700042375901293 18.855726352852272 4.108461538461539 2.5 0.75
0.5164365214364918 18.771313262682035 4.185384615384615 2.5 0.75
0.46951412437692086 18.68303326120838 4.262307692307692 2.5 0.75
0.42951455685133344 18.59140845777737 4.339230769230769 2.5 0.75
0.39667438600625493 18.49698074370533 4.416153846153846 2.5 0.75
0.37118783657932264 18.40030858740211 4.493076923076923 2.5 0.75
0.35320564220706463 18.301963731453448 4.57 2.5 0.75
0.34283415394960703 18.20252781119658 4.646923076923077 2.5 0.75
0.34013471130470097 18.102588914787766 4.723846153846154 2.5 0.75
0.3427620290867349 18.002624267564943 4.740459367977852 2.5 0.75
0.3455686992277718 17.902663662311078 4.740459367977852 2.5 0.75
0.34837536936880864 17.80270305705721 4.740459367977852 2.5 0.75
0.3511820395098454 17.702742451803342 4.740459367977852 2.5 0.75
0.35398870965088214 17.602781846549476 4.740459367977852 2.5 0.75
0.356795379791919 17.50282124129561 4.740459367977852 2.5 0.75
0.35960204993295575 17.402860636041744 4.740459367977852 2.5 0.75
0.3624087200739925 17.302900030787875 4.740459367977852 2.5 0.75
0.36521539021502925 17.20293942553401 4.740459367977852 2.5 0.75
0.3680220603560662 17.102978820280143 4.740459367977852 2.5 0.75
0.37082873049710297 17.003018215026273 4.740459367977852 2.5 0.75
0.3736354006381398 16.903057609772407 4.740459367977852 2.5 0.75
0.3764420707791766 16.80309700451854 4.740459367977852 2.5 0.75
0.3792487409202133 16.70313639926467 4.740459367977852 2.5 0.75
0.3820554110612502 16.603175794010806 4.740459367977852 2.5 0.75
0.38486208120228693 16.50321518875694 4.740459367977852 2.5 0.75
0.3876687513433237 16.403254583503074 4.740459367977852 2.5 0.75
0.39047542148436065 16.303293978249204 4.740459367977852 2.5 0.75
0.3932820916253974 16.20333337299534 4.740459367977852 2.5 0.75
0.39608876176643415 16.103372767741472 4.740459367977852 2.5 0.75
0.398895431907471 16.003412162487603 4.740459367977852 2.5 0.75
0.40170210204850776 15.903451557233737 4.740459367977852 2.5 0.75
0.4045087721895445 15.803490951979871 4.740459367977852 2.5 0.75
0.40731544233058137 15.703530346726003 4.740459367977852 2.5 0.75
0.4101221124716181 15.603569741472135 4.740459367977852 2.5 0.75
0.41292878261265487 15.50360913621827 4.740459367977852 2.5 0.75
0.4157354527536916 15.403648530964404 4.740459367977852 2.5 0.75
0.4185421228947285 15.303687925710538 4.740459367977852 2.5 0.75
0.42134879303576533 15.20372732045667 4.740459367977852 2.5 0.75
0.4241554631768022 15.103766715202804 4.740459367977852 2.5 0.75
0.42696213331783894 15.003806109948936 4.740459367977852 2.5 0.75
0.4297688034588757 14.90384550469507 4.740459367977852 2.5 0.75
0.43257547359991255 14.803884899441204 4.740459367977852 2.5 0.75
0.4353821437409493 14.703924294187338 4.740459367977852 2.5 0.75
0.43818881388198605 14.60396368893347 4.740459367977852 2.5 0.75
0.4409954840230228 14.504003083679603 4.740459367977852 2.5 0.75
0.44380215416405966 14.404042478425737 4.740459367977852 2.5 0.75
0.4466088243050964 14.30408187317187 4.740459367977852 2.5 0.75
0.44941549444613316 14.204121267918005 4.740459367977852 2.5 0.75
0.45222216458717 14.104160662664137 4.740459367977852 2.5 0.75
0.45502883472820677 14.00420005741027 4.740459367977852 2.5 0.75
0.4578355048692435 13.904239452156403 4.740459367977852 2.5 0.75
0.4606421750102804 13.804278846902537 4.740459367977852 2.5 0.75
0.4634488451513171 13.70431824164867 4.740459367977852 2.5 0.75
0.466255515292354 13.604357636394806 4.740459367977852 2.5 0.75
0.46906218543339073 13.504397031140936 4.740459367977852 2.5 0.75
0.4718688555744275 13.40443642588707 4.740459367977852 2.5 0.75
0.47467552571546434 13.304475820633204 4.740459367977852 2.5 0.75
0.4774821958565011 13.204515215379338 4.740459367977852 2.5 0.75
0.48028886599753784 13.10455461012547 4.740459367977852 2.5 0.75
0.4830955361385747 13.004594004871606 4.740459367977852 2.5 0.75
0.48590220627961145 12.904633399617737 4.740459367977852 2.5 0.75
0.4887088764206483 12.80467279436387 4.740459367977852 2.5 0.75
0.49151554656168506 12.704712189110005 4.740459367977852 2.5 0.75
0.4943222167027219 12.604751583856139 4.740459367977852 2.5 0.75
0.49712888684375867 12.504790978602271 4.740459367977852 2.5 0.75
0.4999355569847954 12.404830373348403 4.740459367977852 2.5 0.75
0.5027422271258322 12.304869768094537 4.740459367977852 2.5 0.75
0.505548897266869 12.204909162840671 4.740459367977852 2.5 0.75
0.5083555674079058 12.104948557586805 4.740459367977852 2.5 0.75
0.5111622375489425 12.00498795233294 4.740459367977852 2.5 0.75
0.5139689076899794 11.905027347079072 4.740459367977852 2.5 0.75
0.5167755778310161 11.805066741825204 4.740459367977852 2.5 0.75
0.5195822479720529 11.705106136571338 4.740459367977852 2.5 0.75
0.5223889181130897 11.605145531317472 4.740459367977852 2.5 0.75
0.5251955882541265 11.505184926063606 4.740459367977852 2.5 0.75
0.5280022583951632 11.405224320809738 4.740459367977852 2.5 0.75
0.5308089285362 11.305263715555872 4.740459367977852 2.5 0.75
0.5336155986772368 11.205303110302006 4.740459367977852 2.5 0.75
0.5364222688182737 11.105342505048139 4.740459367977852 2.5 0.75
0.5392289389593105 11.005381899794271 4.740459367977852 2.5 0.75
0.5420356091003472 10.905421294540407 4.740459367977852 2.5 0.75
0.5448422792413841 10.805460689286539 4.740459367977852 2.5 0.75
0.5476489493824208 10.705500084032671 4.740459367977852 2.5 0.75
0.5504556195234577 10.605539478778807 4.740459367977852 2.5 0.75
0.5532622896644944 10.50557887352494 4.740459367977852 2.5 0.75
0.5560689598055312 10.405618268271072 4.740459367977852 2.5 0.75
0.558875629946568 10.305657663017207 4.740459367977852 2.5 0.75
0.5616823000876048 10.20569705776334 4.740459367977852 2.5 0.75
0.5644889702286415 10.105736452509472 4.740459367977852 2.5 0.75
0.5672956403696784 10.005775847255606 4.740459367977852 2.5 0.75
0.5701023105107151 9.90581524200174 4.740459367977852 2.5 0.75
0.5729089806517519 9.805854636747872 4.740459367977852 2.5 0.75
0.5757156507927887 9.705894031494006 4.740459367977852 2.5 0.75
0.5785223209338255 9.60593342624014 4.740459367977852 2.5 0.75
0.5813289910748622 9.505972820986273 4.740459367977852 2.5 0.75
0.584135661215899 9.406012215732407 4.740459367977852 2.5 0.75
0.5869423313569359 9.30605161047854 4.740459367977852 2.5 0.75
0.5897490014979726 9.206091005224673 4.740459367977852 2.5 0.75
0.5925556716390094 9.106130399970807 4.740459367977852 2.5 0.75
0.5953623417800462 9.00616979471694 4.740459367977852 2.5 0.75
0.5981690119210831 8.906209189463073 4.740459367977852 2.5 0.75
0.6009756820621198 8.806248584209207 4.740459367977852 2.5 0.75
0.6037823522031566 8.706287978955341 4.740459367977852 2.5 0.75
0.6065890223441934 8.606327373701474 4.740459367977852 2.5 0.75
0.6093956924852302 8.506366768447608 4.740459367977852 2.5 0.75
0.6122023626262669 8.406406163193742 4.740459367977852 2.5 0.75
0.6150090327673038 8.306445557939874 4.740459367977852 2.5 0.75
0.6178157029083406 8.206484952686008 4.740459367977852 2.5 0.75
0.6206223730493774 8.106524347432142 4.740459367977852 2.5 0.75
0.6234290431904141 8.006563742178274 4.740459367977852 2.5 0.75
0.6262357133314509 7.906603136924408 4.740459367977852 2.5 0.75
0.6290423834724876 7.806642531670542 4.740459367977852 2.5 0.75
0.6318490536135245 7.706681926416675 4.740459367977852 2.5 0.75
0.6346557237545613 7.606721321162809 4.740459367977852 2.5 0.75
0.6374623938955981 7.506760715908943 4.740459367977852 2.5 0.75
0.6402690640366349 7.406800110655077 4.740459367977852 2.5 0.75
0.6430757341776716 7.306839505401209 4.740459367977852 2.5 0.75
0.6458824043187084 7.206878900147343 4.740459367977852 2.5 0.75
0.6486890744597451 7.106918294893477 4.740459367977852 2.5 0.75
0.651495744600782 7.006957689639609 4.740459367977852 2.5 0.75
0.6543024147418188 6.906997084385743 4.740459367977852 2.5 0.75
0.6571090848828556 6.807036479131876 4.740459367977852 2.5 0.75
0.6599157550238923 6.70707587387801 4.740459367977852 2.5 0.75
0.6627224251649291 6.607115268624144 4.740459367977852 2.5 0.75
0.6655290953059658 6.507154663370276 4.740459367977852 2.5 0.75
0.6683357654470028 6.40719405811641 4.740459367977852 2.5 0.75
0.6711424355880395 6.307233452862544 4.740459367977852 2.5 0.75
0.6739491057290763 6.207272847608676 4.740459367977852 2.5 0.75
0.676755775870113 6.10731224235481 4.740459367977852 2.5 0.75
0.6795624460111498 6.007351637100944 4.740459367977852 2.5 0.75
0.6823691161521866 5.907391031847077 4.740459367977852 2.5 0.75
0.6851757862932234 5.807430426593211 4.740459367977852 2.5 0.75
0.6879824564342603 5.707469821339345 4.740459367977852 2.5 0.75
0.690789126575297 5.607509216085477 4.740459367977852 2.5 0.75
0.6935957967163338 5.507548610831611 4.740459367977852 2.5 0.75
0.6964024668573705 5.407588005577745 4.740459367977852 2.5 0.75
0.6992091369984075 5.307627400323877 4.740459367977852 2.5 0.75
0.7020158071394442 5.207666795070011 4.740459367977852 2.5 0.75
0.704822477280481 5.107706189816145 4.740459367977852 2.5 0.75
0.7076291474215177 5.007745584562278 4.740459367977852 2.5 0.75
0.7104358175625545 4.907784979308412 4.740459367977852 2.5 0.75
0.7132424877035913 4.807824374054544 4.740459367977852 2.5 0.75
0.7160491578446281 4.707863768800678 4.740459367977852 2.5 0.75
0.7188558279856649 4.607903163546812 4.740459367977852 2.5 0.75
0.7216624981267017 4.507942558292944 4.740459367977852 2.5 0.75
0.7244691682677384 4.407981953039078 4.740459367977852 2.5 0.75
0.7272758384087752 4.308021347785212 4.740459367977852 2.5 0.75
0.7300825085498122 4.2080607425313445 4.740459367977852 2.5 0.75
0.7328891786908489 4.108100137277479 4.740459367977852 2.5 0.75
0.7356958488318857 4.008139532023613 4.740459367977852 2.5 0.75
0.7385025189729224 3.908178926769745 4.740459367977852 2.5 0.75
0.7413091891139592 3.808218321515879 4.740459367977852 2.5 0.75
0.744115859254996 3.708257716262013 4.740459367977852 2.5 0.75
0.7469225293960328 3.608297111008145 4.740459367977852 2.5 0.75
0.7497291995370696 3.5083365057542792 4.740459367977852 2.5 0.75
0.7525358696781064 3.4083759005004133 4.740459367977852 2.5 0.75
0.7553425398191433 3.30841529524654 4.740459367977852 2.5 0.75
0.7581492099601801 3.2084546899926742 4.740459367977852 2.5 0.75
0.760955880101217 3.1084940847388047 4.740459367977852 2.5 0.75
0.7637625502422538 3.008533479484935 4.740459367977852 2.5 0.75
0.7665692203832906 2.9085728742310692 4.740459367977852 2.5 0.75
0.7693758905243275 2.808612268977196 4.740459367977852 2.5 0.75
0.7721825606653643 2.70865166372333 4.740459367977852 2.5 0.75
0.7749892308064013 2.6086910584694607 4.740459367977852 2.5 0.75
0.777795900947438 2.5087304532155947 4.740459367977852 2.5 0.75
0.7806025710884748 2.4087698479617288 4.740459367977852 2.5 0.75
0.7834092412295117 2.3088092427078557 4.740459367977852 2.5 0.75
0.7862159113705485 2.2088486374539897 4.740459367977852 2.5 0.75
0.7890225815115852 2.1088880322001238 4.740459367977852 2.5 0.75
0.7918292516526222 2.0089274269462543 4.740459367977852 2.5 0.75
0.7946359217936589 1.9089668216923847 4.740459367977852 2.5 0.75
0.7992338693255137 1.8090879169020972 4.792984483343929 2.5 0.75
