0.0 0.0 5.01 2.5 0.75
2.0 -6.6 0.17 2.5 0.75
30.5 -1.7 1.76 2.5 0.75
23.0 38.0 3.39 2.5 0.75
-11.1 29.3 5.06 2.5 0.75
1.69 -5.75 0.17 2.5 0.75
29.45 -0.98 1.76 2.5 0.75
22.29 36.89 3.39 2.5 0.75
-9.92 28.67 5.06 2.5 0.75
2.28 -4.75 0.17 2.5 0.75
28.4 -0.26 1.76 2.5 0.75
21.59 35.79 3.39 2.5 0.75
-8.74 28.05 5.06 2.5 0.75
2.87 -3.76 0.17 2.5 0.75
27.35 0.45 1.76 2.5 0.75
20.88 34.68 3.39 2.5 0.75
-7.56 27.42 5.06 2.5 0.75
3.46 -2.76 0.17 2.5 0.75
26.29 1.17 1.76 2.5 0.75
20.17 33.57 3.39 2.5 0.75
-6.37 26.8 5.06 2.5 0.75
4.05 -1.76 0.17 2.5 0.75
25.24 1.89 1.76 2.5 0.75
19.47 32.46 3.39 2.5 0.75
-5.19 26.17 5.06 2.5 0.75
4.63 -0.76 0.17 2.5 0.75
24.19 2.61 1.76 2.5 0.75
18.76 31.36 3.39 2.5 0.75
-4.01 25.55 5.06 2.5 0.75
5.22 0.24 0.17 2.5 0.75
23.14 3.32 1.76 2.5 0.75
18.05 30.25 3.39 2.5 0.75
-2.83 24.92 5.06 2.5 0.75
5.81 1.24 0.17 2.5 0.75
22.09 4.04 1.76 2.5 0.75
17.35 29.14 3.39 2.5 0.75
-1.65 24.3 5.06 2.5 0.75
6.4 2.24 0.17 2.5 0.75
21.04 4.76 1.76 2.5 0.75
16.64 28.03 3.39 2.5 0.75
-0.47 23.67 5.06 2.5 0.75
6.99 3.24 0.17 2.5 0.75
19.99 5.48 1.76 2.5 0.75
15.93 26.93 3.39 2.5 0.75
0.72 23.04 5.06 2.5 0.75
7.58 4.24 0.17 2.5 0.75
18.93 6.2 1.76 2.5 0.75
15.23 25.82 3.39 2.5 0.75
1.9 22.42 5.06 2.5 0.75
8.16 5.24 0.17 2.5 0.75
17.88 6.91 1.76 2.5 0.75
14.52 24.71 3.39 2.5 0.75
3.08 21.79 5.06 2.5 0.75
8.75 6.24 0.17 2.5 0.75
16.83 7.63 1.76 2.5 0.75
13.81 23.61 3.39 2.5 0.75
4.26 21.17 5.06 2.5 0.75
9.34 7.24 0.17 2.5 0.75
15.78 8.35 1.76 2.5 0.75
13.11 22.5 3.39 2.5 0.75
5.44 20.54 5.06 2.5 0.75
9.93 8.24 0.17 2.5 0.75
14.73 9.07 0.17 2.5 0.75
