14.5 3.0 0.0
15.5 3.0 0.0
16.5 3.0 0.0
17.5 3.0 0.0
18.5 3.0 0.0
19.5 3.0 0.0
20.5 3.0 0.0
21.5 3.0 0.0
22.5 3.0 0.0
23.458851077208408 3.2448348762192545 0.5
24.182941969615793 3.9193953882637205 1.0
24.49498997320811 4.858525596664594 1.5
24.499609594399757 5.858407257600145 1.5712513702890227
24.499154550921336 6.858407154067856 1.5712513702890227
24.498699507442915 7.8584070505355665 1.5712513702890227
24.49824446396449 8.858406947003278 1.5712513702890227
24.49778942048607 9.85840684347099 1.5712513702890227
24.497334377007647 10.858406739938701 1.5712513702890227
24.496879333529225 11.85840663640641 1.5712513702890227
24.315410904983697 12.832293244172513 1.9999983693643588
23.693761595120012 13.602287815856641 2.499998369364359
22.77905793892048 13.97998706951255 2.999998369364359
22.5 14.0 3.14
21.500000001346812 14.00000190392514 3.141593288231505
20.500000001347015 14.000001269283429 3.141593288231505
19.500000001347217 14.000000634641717 3.141593288231505
18.500000001347416 14.000000000000005 3.141593288231505
17.50000000134762 13.999999365358292 3.141593288231505
16.50000000134782 13.99999873071658 3.141593288231505
15.500000001348022 13.999998096074869 3.141593288231505
14.500000002694833 13.999999999995715 3.1400000013474165
14.5 14.0 3.14
13.54076020189634 13.756692551262669 3.64
12.815595887066637 13.083286120216316 4.140000000000001
12.50205257077084 12.144654087051428 4.640000000000001
12.497359116683713 11.144780670686327 4.713026041141914
12.497996177397846 10.144780873609523 4.713026041141914
12.498633238111978 9.14478107653272 4.713026041141914
12.499270298826112 8.144781279455918 4.713026041141914
12.499907359540245 7.144781482379115 4.713026041141914
12.680080425219415 6.17060700429141 5.139998224419186
13.30050250081176 5.3996232476566135 5.639998224419186
14.214603398143163 5.020467535085983 6.139998224419186
14.5 5.0 0.0
15.5 5.0 0.0
16.5 5.0 0.0
17.5 5.0 0.0
18.5 5.0 0.0
19.5 5.0 0.0
