7.97 -4.84 5.64 2.5 0.75
12.97 -8.59 0.24 2.5 0.75
43.17 -1.21 1.62 2.5 0.75
42.83 5.83 2.08 2.5 0.75
40.11 10.71 2.37 2.5 0.75
36.7 14.0 1.98 2.5 0.75
34.2 19.8 1.51 2.5 0.75
34.54 25.7 1.59 2.5 0.75
34.43 30.92 2.09 2.5 0.75
32.05 35.12 1.32 2.5 0.75
33.18 39.55 1.64 2.5 0.75
32.95 42.73 2.3 2.5 0.75
30.91 45.0 2.87 2.5 0.75
26.17 46.3 2.75 2.5 0.75
21.52 48.23 3.28 2.5 0.75
16.75 47.55 3.55 2.5 0.75
12.78 45.85 3.4 2.5 0.75
-2.89 41.76 4.25 2.5 0.75
-4.03 39.49 3.93 2.5 0.75
-5.51 38.01 3.81 2.5 0.75
-8.12 35.97 4.93 2.5 0.75
-7.44 32.9 5.03 2.5 0.75
-5.85 28.13 4.97 2.5 0.75
-4.6 23.48 4.35 2.5 0.75
-6.3 18.94 4.69 2.5 0.75
-6.41 13.6 4.98 2.5 0.75
-4.82 7.81 5.4 2.5 0.75
0.71 1.06 5.4 2.5 0.75
