0.0 0.0 5.43 2.5 0.75
4.0 -4.6 0.28 2.5 0.75
29.5 2.7 1.83 2.5 0.75
21.0 35.0 3.42 2.5 0.75
-9.1 26.3 5.11 2.5 0.75
3.61 -3.68 0.28 2.5 0.75
28.29 3.38 1.83 2.5 0.75
20.29 33.76 3.42 2.5 0.75
-7.75 25.65 5.11 2.5 0.75
4.18 -2.48 0.28 2.5 0.75
27.07 4.07 1.83 2.5 0.75
19.59 32.51 3.42 2.5 0.75
-6.39 25.0 5.11 2.5 0.75
4.75 -1.29 0.28 2.5 0.75
25.86 4.75 1.83 2.5 0.75
18.88 31.27 3.42 2.5 0.75
-5.04 24.35 5.11 2.5 0.75
5.32 -0.09 0.28 2.5 0.75
24.64 5.44 1.83 2.5 0.75
18.18 30.02 3.42 2.5 0.75
-3.69 23.7 5.11 2.5 0.75
5.9 1.1 0.28 2.5 0.75
23.43 6.12 1.83 2.5 0.75
17.47 28.78 3.42 2.5 0.75
-2.33 23.05 5.11 2.5 0.75
6.47 2.3 0.28 2.5 0.75
22.22 6.81 1.83 2.5 0.75
16.76 27.53 3.42 2.5 0.75
-0.98 22.4 5.11 2.5 0.75
7.04 3.5 0.28 2.5 0.75
21.0 7.49 1.83 2.5 0.75
16.06 26.29 3.42 2.5 0.75
0.38 21.75 5.11 2.5 0.75
7.61 4.69 0.28 2.5 0.75
19.79 8.18 1.83 2.5 0.75
15.35 25.04 3.42 2.5 0.75
1.73 21.11 5.11 2.5 0.75
8.18 5.89 0.28 2.5 0.75
18.57 8.86 1.83 2.5 0.75
14.64 23.8 3.42 2.5 0.75
3.08 20.46 5.11 2.5 0.75
8.75 7.08 0.28 2.5 0.75
17.36 9.55 1.83 2.5 0.75
13.94 22.55 3.42 2.5 0.75
4.44 19.81 5.11 2.5 0.75
9.32 8.28 0.28 2.5 0.75
16.15 10.23 1.83 2.5 0.75
13.23 21.31 3.42 2.5 0.75
5.79 19.16 5.11 2.5 0.75
9.89 9.48 0.28 2.5 0.75
14.93 10.92 1.83 2.5 0.75
12.53 20.06 1.83 2.5 0.75
