7.97 -4.84 5.64 2.5 0.75
8.195979352912648 -5.037131502888277 5.547213294032232 2.5 0.75
8.41833292797131 -5.238523875282644 5.547213294032232 2.5 0.75
8.640686503029974 -5.439916247677012 5.547213294032232 2.5 0.75
8.863040078088636 -5.64130862007138 5.547213294032232 2.5 0.75
9.085393653147298 -5.842700992465748 5.547213294032232 2.5 0.75
9.307747228205962 -6.044093364860115 5.547213294032232 2.5 0.75
9.530100803264624 -6.245485737254482 5.547213294032232 2.5 0.75
9.752454378323288 -6.44687810964885 5.547213294032232 2.5 0.75
9.97480795338195 -6.648270482043217 5.547213294032232 2.5 0.75
10.197161528440613 -6.849662854437584 5.547213294032232 2.5 0.75
10.419515103499275 -7.051055226831952 5.547213294032232 2.5 0.75
10.641868678557937 -7.25244759922632 5.547213294032232 2.5 0.75
10.8642222536166 -7.4538399716206865 5.547213294032232 2.5 0.75
11.086575828675263 -7.6552323440150545 5.547213294032232 2.5 0.75
11.308929403733925 -7.8566247164094225 5.547213294032232 2.5 0.75
11.531282978792587 -8.058017088803789 5.547213294032232 2.5 0.75
11.753636553851251 -8.259409461198157 5.547213294032232 2.5 0.75
11.991312409003944 -8.44150319925518 5.742021346849006 2.5 0.75
12.263921700700504 -8.565137636737688 5.972790577618237 2.5 0.75
12.557582785234676 -8.62314166660742 6.2035598083874675 2.5 0.75
12.856726186305504 -8.612440001003712 0.15114373197711206 2.5 0.75
12.97 -8.59 0.24 2.5 0.75
13.263584166214509 -8.528330707014984 0.20428251650876184 2.5 0.75
13.557346202789054 -8.467471312772386 0.20428251650876184 2.5 0.75
13.851108239363597 -8.406611918529785 0.20428251650876184 2.5 0.75
14.144870275938143 -8.345752524287187 0.20428251650876184 2.5 0.75
14.438632312512686 -8.284893130044589 0.20428251650876184 2.5 0.75
14.732394349087231 -8.22403373580199 0.20428251650876184 2.5 0.75
15.026156385661775 -8.16317434155939 0.20428251650876184 2.5 0.75
15.31991842223632 -8.102314947316792 0.20428251650876184 2.5 0.75
15.613680458810864 -8.041455553074194 0.20428251650876184 2.5 0.75
15.907442495385407 -7.980596158831594 0.20428251650876184 2.5 0.75
16.201204531959952 -7.919736764588996 0.20428251650876184 2.5 0.75
16.494966568534497 -7.858877370346397 0.20428251650876184 2.5 0.75
16.78872860510904 -7.798017976103798 0.20428251650876184 2.5 0.75
17.082490641683584 -7.737158581861199 0.20428251650876184 2.5 0.75
17.37625267825813 -7.676299187618601 0.20428251650876184 2.5 0.75
17.670014714832675 -7.615439793376002 0.20428251650876184 2.5 0.75
17.963776751407217 -7.554580399133403 0.20428251650876184 2.5 0.75
18.257538787981762 -7.493721004890805 0.20428251650876184 2.5 0.75
18.551300824556307 -7.432861610648206 0.20428251650876184 2.5 0.75
18.84506286113085 -7.3720022164056065 0.20428251650876184 2.5 0.75
19.138824897705394 -7.311142822163008 0.20428251650876184 2.5 0.75
19.43258693427994 -7.25028342792041 0.20428251650876184 2.5 0.75
19.72634897085448 -7.189424033677811 0.20428251650876184 2.5 0.75
20.020111007429026 -7.128564639435212 0.20428251650876184 2.5 0.75
20.31387304400357 -7.067705245192613 0.20428251650876184 2.5 0.75
20.607635080578113 -7.006845850950015 0.20428251650876184 2.5 0.75
20.901397117152662 -6.945986456707415 0.20428251650876184 2.5 0.75
21.195159153727204 -6.885127062464816 0.20428251650876184 2.5 0.75
21.488921190301753 -6.824267668222218 0.20428251650876184 2.5 0.75
21.782683226876294 -6.763408273979619 0.20428251650876184 2.5 0.75
22.076445263450843 -6.70254887973702 0.20428251650876184 2.5 0.75
22.370207300025385 -6.641689485494421 0.20428251650876184 2.5 0.75
22.663969336599934 -6.580830091251823 0.20428251650876184 2.5 0.75
22.957731373174475 -6.519970697009223 0.20428251650876184 2.5 0.75
23.251493409749024 -6.459111302766624 0.20428251650876184 2.5 0.75
23.545255446323566 -6.398251908524026 0.20428251650876184 2.5 0.75
23.83901748289811 -6.337392514281426 0.20428251650876184 2.5 0.75
24.132779519472656 -6.2765331200388275 0.20428251650876184 2.5 0.75
24.426541556047198 -6.215673725796228 0.20428251650876184 2.5 0.75
24.720303592621743 -6.15481433155363 0.20428251650876184 2.5 0.75
25.01406562919629 -6.093954937311031 0.20428251650876184 2.5 0.75
25.307827665770837 -6.033095543068432 0.20428251650876184 2.5 0.75
25.60158970234538 -5.972236148825832 0.20428251650876184 2.5 0.75
25.895351738919924 -5.911376754583234 0.20428251650876184 2.5 0.75
26.18911377549447 -5.850517360340635 0.20428251650876184 2.5 0.75
26.482875812069018 -5.789657966098036 0.20428251650876184 2.5 0.75
26.77663784864356 -5.728798571855437 0.20428251650876184 2.5 0.75
27.0703998852181 -5.667939177612839 0.20428251650876184 2.5 0.75
27.36416192179265 -5.607079783370239 0.20428251650876184 2.5 0.75
27.657923958367196 -5.54622038912764 0.20428251650876184 2.5 0.75
27.95168599494174 -5.485360994885042 0.20428251650876184 2.5 0.75
28.245448031516286 -5.424501600642444 0.20428251650876184 2.5 0.75
28.53921006809083 -5.3636422063998435 0.20428251650876184 2.5 0.75
28.832972104665377 -5.302782812157245 0.20428251650876184 2.5 0.75
29.126734141239922 -5.241923417914645 0.20428251650876184 2.5 0.75
29.420496177814464 -5.181064023672047 0.20428251650876184 2.5 0.75
29.714258214389012 -5.120204629429448 0.20428251650876184 2.5 0.75
30.008020250963554 -5.05934523518685 0.20428251650876184 2.5 0.75
30.301782287538103 -4.99848584094425 0.20428251650876184 2.5 0.75
30.595544324112645 -4.9376264467016515 0.20428251650876184 2.5 0.75
30.889306360687186 -4.876767052459052 0.20428251650876184 2.5 0.75
31.183068397261735 -4.815907658216454 0.20428251650876184 2.5 0.75
31.476830433836284 -4.755048263973855 0.20428251650876184 2.5 0.75
31.770592470410826 -4.694188869731256 0.20428251650876184 2.5 0.75
32.06435450698537 -4.633329475488656 0.20428251650876184 2.5 0.75
32.358116543559916 -4.572470081246058 0.20428251650876184 2.5 0.75
32.65187858013446 -4.511610687003459 0.20428251650876184 2.5 0.75
32.94564061670901 -4.45075129276086 0.20428251650876184 2.5 0.75
33.239402653283555 -4.389891898518261 0.20428251650876184 2.5 0.75
33.53316468985809 -4.329032504275663 0.20428251650876184 2.5 0.75
33.826926726432646 -4.268173110033063 0.20428251650876184 2.5 0.75
34.120688763007195 -4.207313715790463 0.20428251650876184 2.5 0.75
34.41445079958173 -4.146454321547866 0.20428251650876184 2.5 0.75
34.70821283615628 -4.085594927305267 0.20428251650876184 2.5 0.75
35.00197487273083 -4.0247355330626675 0.20428251650876184 2.5 0.75
35.29573690930536 -3.963876138820069 0.20428251650876184 2.5 0.75
35.58949894587991 -3.903016744577469 0.20428251650876184 2.5 0.75
35.88326098245446 -3.84215735033487 0.20428251650876184 2.5 0.75
36.17702301902901 -3.7812979560922706 0.20428251650876184 2.5 0.75
36.47078505560355 -3.720438561849673 0.20428251650876184 2.5 0.75
36.7645470921781 -3.659579167607074 0.20428251650876184 2.5 0.75
37.05830912875264 -3.598719773364474 0.20428251650876184 2.5 0.75
37.35207116532718 -3.5378603791218772 0.20428251650876184 2.5 0.75
37.64583320190173 -3.477000984879277 0.20428251650876184 2.5 0.75
37.93959523847628 -3.416141590636678 0.20428251650876184 2.5 0.75
38.233357275050814 -3.3552821963940795 0.20428251650876184 2.5 0.75
38.52711931162536 -3.2944228021514803 0.20428251650876184 2.5 0.75
38.82088134819991 -3.23356340790888 0.20428251650876184 2.5 0.75
39.11464338477445 -3.1727040136662836 0.20428251650876184 2.5 0.75
39.408405421349 -3.1118446194236835 0.20428251650876184 2.5 0.75
39.702167457923544 -3.0509852251810843 0.20428251650876184 2.5 0.75
39.99592949449809 -2.990125830938485 0.20428251650876184 2.5 0.75
40.289691531072634 -2.9292664366958867 0.20428251650876184 2.5 0.75
40.58345356764718 -2.8684070424532875 0.20428251650876184 2.5 0.75
40.877215604221725 -2.8075476482106874 0.20428251650876184 2.5 0.75
41.170977640796266 -2.746688253968091 0.20428251650876184 2.5 0.75
41.464739677370815 -2.6858288597254907 0.20428251650876184 2.5 0.75
41.758501713945364 -2.6249694654828915 0.20428251650876184 2.5 0.75
42.052263750519906 -2.564110071240294 0.20428251650876184 2.5 0.75
42.341459370581646 -2.4860475082424864 0.36982342192906237 2.5 0.75
42.60624429854733 -2.3464400515178356 0.6005926526982959 2.5 0.75
42.83207805871481 -2.149970173878722 0.8313618834675223 2.5 0.75
43.00698727918683 -1.907054417607565 1.0621311142367558 2.5 0.75
43.12169853183014 -1.6305718167663512 1.2929003450059893 2.5 0.75
43.170129995717325 -1.3351810698620827 1.5236695757752228 2.5 0.75
43.17 -1.21 1.62 2.5 0.75
43.16152719458358 -0.9101218159598197 1.5979937405687488 2.5 0.75
43.153368976309636 -0.6102327640179477 1.5979937405687488 2.5 0.75
43.145210758035695 -0.3103437120760759 1.5979937405687488 2.5 0.75
43.137052539761754 -0.01045466013420393 1.5979937405687488 2.5 0.75
43.12889432148781 0.28943439180766806 1.5979937405687488 2.5 0.75
43.12073610321388 0.58932344374954 1.5979937405687488 2.5 0.75
43.11257788493994 0.889212495691412 1.5979937405687488 2.5 0.75
43.104419666666 1.1891015476332836 1.5979937405687488 2.5 0.75
43.096261448392056 1.4889905995751556 1.5979937405687488 2.5 0.75
43.088103230118115 1.7888796515170275 1.5979937405687488 2.5 0.75
43.079945011844174 2.0887687034588986 1.5979937405687488 2.5 0.75
43.07178679357024 2.3886577554007715 1.5979937405687488 2.5 0.75
43.0636285752963 2.6885468073426426 1.5979937405687488 2.5 0.75
43.05547035702236 2.9884358592845146 1.5979937405687488 2.5 0.75
43.04731213874842 3.288324911226387 1.5979937405687488 2.5 0.75
43.039153920474476 3.5882139631682577 1.5979937405687488 2.5 0.75
43.03099570220054 3.88810301511013 1.5979937405687488 2.5 0.75
43.0228374839266 4.187992067052001 1.5979937405687488 2.5 0.75
43.01467926565266 4.487881118993872 1.5979937405687488 2.5 0.75
43.00652104737872 4.787770170935745 1.5979937405687488 2.5 0.75
42.99836282910478 5.087659222877616 1.5979937405687488 2.5 0.75
42.98087180878712 5.386920256079036 1.71797867473339 2.5 0.75
42.90317636114537 5.675995881939578 1.948747905502621 2.5 0.75
42.83 5.83 2.08 2.5 0.75
42.68662794930531 6.093522824172888 2.0687951011348122 2.5 0.75
42.543327447602785 6.357084896959933 2.0687951011348122 2.5 0.75
42.40002694590026 6.6206469697469785 2.0687951011348122 2.5 0.75
42.256726444197724 6.8842090425340245 2.0687951011348122 2.5 0.75
42.1134259424952 7.14777111532107 2.0687951011348122 2.5 0.75
41.97012544079267 7.411333188108116 2.0687951011348122 2.5 0.75
41.826824939090145 7.674895260895161 2.0687951011348122 2.5 0.75
41.68352443738762 7.938457333682207 2.0687951011348122 2.5 0.75
41.54022393568509 8.202019406469251 2.0687951011348122 2.5 0.75
41.396923433982565 8.465581479256297 2.0687951011348122 2.5 0.75
41.25362293228004 8.729143552043343 2.0687951011348122 2.5 0.75
41.110322430577504 8.99270562483039 2.0687951011348122 2.5 0.75
40.96702192887498 9.256267697617433 2.0687951011348122 2.5 0.75
40.82372142717245 9.519829770404478 2.0687951011348122 2.5 0.75
40.680420925469924 9.783391843191524 2.0687951011348122 2.5 0.75
40.5371204237674 10.04695391597857 2.0687951011348122 2.5 0.75
40.39381992206487 10.310515988765616 2.0687951011348122 2.5 0.75
40.23751744795126 10.5661233745086 2.2219780453890894 2.5 0.75
40.11 10.71 2.37 2.5 0.75
39.8895696749233 10.91348938079495 2.3978116715073803 2.5 0.75
39.66879553018652 11.116611947280669 2.3978116715073803 2.5 0.75
39.44802138544975 11.319734513766386 2.3978116715073803 2.5 0.75
39.22724724071297 11.522857080252106 2.3978116715073803 2.5 0.75
39.0064730959762 11.725979646737823 2.3978116715073803 2.5 0.75
38.78569895123942 11.929102213223542 2.3978116715073803 2.5 0.75
38.564924806502646 12.13222477970926 2.3978116715073803 2.5 0.75
38.344150661765866 12.335347346194979 2.3978116715073803 2.5 0.75
38.123376517029094 12.538469912680696 2.3978116715073803 2.5 0.75
37.902602372292314 12.741592479166416 2.3978116715073803 2.5 0.75
37.68182822755554 12.944715045652133 2.3978116715073803 2.5 0.75
37.46105408281876 13.147837612137852 2.3978116715073803 2.5 0.75
37.24027993808199 13.35096017862357 2.3978116715073803 2.5 0.75
37.01950579334521 13.554082745109287 2.3978116715073803 2.5 0.75
36.82238164100143 13.779350784124995 2.174395140755162 2.5 0.75
36.7 14.0 1.98 2.5 0.75
36.57483344672691 14.272638962555812 2.002259464421163 2.5 0.75
36.44937335740746 14.545145413833493 2.002259464421163 2.5 0.75
36.32391326808801 14.817651865111175 2.002259464421163 2.5 0.75
36.19845317876856 15.090158316388857 2.002259464421163 2.5 0.75
36.07299308944911 15.362664767666539 2.002259464421163 2.5 0.75
35.94753300012967 15.63517121894422 2.002259464421163 2.5 0.75
35.82207291081021 15.907677670221902 2.002259464421163 2.5 0.75
35.69661282149077 16.180184121499586 2.002259464421163 2.5 0.75
35.57115273217131 16.452690572777268 2.002259464421163 2.5 0.75
35.44569264285187 16.72519702405495 2.002259464421163 2.5 0.75
35.32023255353241 16.99770347533263 2.002259464421163 2.5 0.75
35.19477246421297 17.270209926610313 2.002259464421163 2.5 0.75
35.069312374893514 17.542716377887995 2.002259464421163 2.5 0.75
34.94385228557407 17.815222829165677 2.002259464421163 2.5 0.75
34.818392196254614 18.08772928044336 2.002259464421163 2.5 0.75
34.69293210693517 18.36023573172104 2.002259464421163 2.5 0.75
34.567472017615714 18.632742182998722 2.002259464421163 2.5 0.75
34.44201192829627 18.905248634276404 2.002259464421163 2.5 0.75
34.316551907412915 19.17775511705218 2.001919019532313 2.5 0.75
34.22360303130902 19.46229299938411 1.7711497887630823 2.5 0.75
34.19819949523461 19.760547857526994 1.5403805579938514 2.5 0.75
34.2 19.8 1.51 2.5 0.75
34.217460955161435 20.099491423658286 1.5125745921902987 2.5 0.75
34.23491760929961 20.398983101716794 1.5125745921902987 2.5 0.75
34.25237426343777 20.6984747797753 1.5125745921902987 2.5 0.75
34.269830917575945 20.997966457833808 1.5125745921902987 2.5 0.75
34.28728757171412 21.297458135892313 1.5125745921902987 2.5 0.75
34.30474422585228 21.596949813950822 1.5125745921902987 2.5 0.75
34.322200879990454 21.89644149200933 1.5125745921902987 2.5 0.75
34.33965753412863 22.195933170067836 1.5125745921902987 2.5 0.75
34.35711418826679 22.49542484812634 1.5125745921902987 2.5 0.75
34.374570842404964 22.79491652618485 1.5125745921902987 2.5 0.75
34.392027496543136 23.094408204243354 1.5125745921902987 2.5 0.75
34.4094841506813 23.393899882301863 1.5125745921902987 2.5 0.75
34.42694080481947 23.693391560360368 1.5125745921902987 2.5 0.75
34.444397458957646 23.992883238418877 1.5125745921902987 2.5 0.75
34.46185411309581 24.29237491647738 1.5125745921902987 2.5 0.75
34.47931076723398 24.591866594535887 1.5125745921902987 2.5 0.75
34.496767421372155 24.891358272594395 1.5125745921902987 2.5 0.75
34.51422407551033 25.1908499506529 1.5125745921902987 2.5 0.75
34.53168072964849 25.49034162871141 1.5125745921902987 2.5 0.75
34.54 25.7 1.59 2.5 0.75
34.54337574395302 25.99997418464583 1.5572145943480467 2.5 0.75
34.54745013842157 26.299946515552723 1.5572145943480467 2.5 0.75
34.55152453289011 26.599918846459616 1.5572145943480467 2.5 0.75
34.55559892735866 26.89989117736651 1.5572145943480467 2.5 0.75
34.559673321827205 27.199863508273403 1.5572145943480467 2.5 0.75
34.563747716295744 27.499835839180296 1.5572145943480467 2.5 0.75
34.56782211076429 27.79980817008719 1.5572145943480467 2.5 0.75
34.571896505232836 28.099780500994083 1.5572145943480467 2.5 0.75
34.57597089970138 28.399752831900972 1.5572145943480467 2.5 0.75
34.58004529416993 28.699725162807866 1.5572145943480467 2.5 0.75
34.584119688638474 28.99969749371476 1.5572145943480467 2.5 0.75
34.58819408310702 29.299669824621652 1.5572145943480467 2.5 0.75
34.59226847757556 29.599642155528546 1.5572145943480467 2.5 0.75
34.596342872044104 29.89961448643544 1.5572145943480467 2.5 0.75
34.60041726651265 30.199586817342333 1.5572145943480467 2.5 0.75
34.581962707666 30.498464867225632 1.7435859712308368 2.5 0.75
34.49689109610866 30.785456367026505 1.9743552020000676 2.5 0.75
34.43 30.92 2.09 2.5 0.75
34.26251367993394 31.168753576979046 2.1815230930550618 2.5 0.75
34.09047477954951 31.41452301518184 2.1815230930550618 2.5 0.75
33.91843587916508 31.660292453384635 2.1815230930550618 2.5 0.75
33.74639697878065 31.906061891587427 2.1815230930550618 2.5 0.75
33.57435807839622 32.15183132979022 2.1815230930550618 2.5 0.75
33.402319178011794 32.39760076799301 2.1815230930550618 2.5 0.75
33.230280277627365 32.643370206195804 2.1815230930550618 2.5 0.75
33.058241377242936 32.889139644398604 2.1815230930550618 2.5 0.75
32.88620247685851 33.134909082601396 2.1815230930550618 2.5 0.75
32.71416357647408 33.38067852080419 2.1815230930550618 2.5 0.75
32.54212467608966 33.62644795900698 2.1815230930550618 2.5 0.75
32.37008577570523 33.87221739720977 2.1815230930550618 2.5 0.75
32.20012825465376 34.11938053489128 2.1194416203576028 2.5 0.75
32.07445781515796 34.39105725580761 1.888672389588372 2.5 0.75
32.01425845259699 34.68427617879548 1.657903158819141 2.5 0.75
32.022721848123325 34.98349127030505 1.4271339280499111 2.5 0.75
32.05 35.12 1.32 2.5 0.75
32.12860089153671 35.40951943068295 1.3052256981966222 2.5 0.75
32.20733887199459 35.69900229793664 1.3052256981966222 2.5 0.75
32.28607685245246 35.98848516519032 1.3052256981966222 2.5 0.75
32.36481483291033 36.27796803244401 1.3052256981966222 2.5 0.75
32.4435528133682 36.5674508996977 1.3052256981966222 2.5 0.75
32.522290793826066 36.856933766951386 1.3052256981966222 2.5 0.75
32.60102877428394 37.146416634205075 1.3052256981966222 2.5 0.75
32.679766754741806 37.43589950145876 1.3052256981966222 2.5 0.75
32.75850473519968 37.725382368712445 1.3052256981966222 2.5 0.75
32.837242715657545 38.014865235966134 1.3052256981966222 2.5 0.75
32.91598069611542 38.30434810321982 1.3052256981966222 2.5 0.75
32.994718676573285 38.59383097047351 1.3052256981966222 2.5 0.75
33.07345665703116 38.883313837727194 1.3052256981966222 2.5 0.75
33.15103285641281 39.173094905529524 1.3481836837136403 2.5 0.75
33.18306846007506 39.47071046316876 1.5789529144828711 2.5 0.75
33.18 39.55 1.64 2.5 0.75
33.18545966400903 39.84973467243063 1.5228621813282974 2.5 0.75
33.199834401409746 40.14939008607213 1.5228621813282974 2.5 0.75
33.21420913881046 40.44904549971364 1.5228621813282974 2.5 0.75
33.22858387621117 40.748700913355144 1.5228621813282974 2.5 0.75
33.24295861361188 41.04835632699665 1.5228621813282974 2.5 0.75
33.2573333510126 41.34801174063815 1.5228621813282974 2.5 0.75
33.27170808841331 41.64766715427965 1.5228621813282974 2.5 0.75
33.2778944714752 41.947408675686034 1.635123376394289 2.5 0.75
33.22438961312056 42.241922733386794 1.8658926071635196 2.5 0.75
33.10493997993658 42.51639146600151 2.0966618379327504 2.5 0.75
32.95 42.73 2.3 2.5 0.75
32.766571553462 42.96725775482338 2.212251159542503 2.5 0.75
32.587063036222204 43.20762558178525 2.212251159542503 2.5 0.75
32.407554518982415 43.447993408747124 2.212251159542503 2.5 0.75
32.22804600174263 43.688361235708996 2.212251159542503 2.5 0.75
32.04853748450284 43.92872906267087 2.212251159542503 2.5 0.75
31.86902896726305 44.16909688963273 2.212251159542503 2.5 0.75
31.689520450023256 44.409464716594606 2.212251159542503 2.5 0.75
31.502822942179662 44.64400438660383 2.3315976943565992 2.5 0.75
31.272843094168092 44.835604411550314 2.56236692512583 2.5 0.75
31.00513585210231 44.96952279190361 2.793136155895061 2.5 0.75
30.91 45.0 2.87 2.5 0.75
30.62052389440188 45.078762659604884 2.8760151230107187 2.5 0.75
30.33104157060312 45.15750263806607 2.8760151230107187 2.5 0.75
30.041559246804354 45.23624261652726 2.8760151230107187 2.5 0.75
29.752076923005593 45.31498259498844 2.8760151230107187 2.5 0.75
29.462594599206827 45.39372257344963 2.8760151230107187 2.5 0.75
29.173112275408066 45.472462551910816 2.8760151230107187 2.5 0.75
28.8836299516093 45.551202530372 2.8760151230107187 2.5 0.75
28.59414762781054 45.62994250883319 2.8760151230107187 2.5 0.75
28.304665304011777 45.708682487294375 2.8760151230107187 2.5 0.75
28.015182980213012 45.78742246575556 2.8760151230107187 2.5 0.75
27.72570065641425 45.86616244421675 2.8760151230107187 2.5 0.75
27.43621833261549 45.944902422677934 2.8760151230107187 2.5 0.75
27.146736008816724 46.02364240113912 2.8760151230107187 2.5 0.75
26.857253685017962 46.10238237960031 2.8760151230107187 2.5 0.75
26.5677713612192 46.1811223580615 2.8760151230107187 2.5 0.75
26.278535850394526 46.26072723753613 2.838815817896171 2.5 0.75
26.17 46.3 2.75 2.5 0.75
25.897435435105148 46.425297434793755 2.706627615448609 2.5 0.75
25.625370002594337 46.551711043367774 2.706627615448609 2.5 0.75
25.353304570083523 46.678124651941786 2.706627615448609 2.5 0.75
25.081239137572712 46.804538260515805 2.706627615448609 2.5 0.75
24.809173705061898 46.93095186908982 2.706627615448609 2.5 0.75
24.537108272551087 47.057365477663836 2.706627615448609 2.5 0.75
24.265042840040273 47.18377908623785 2.706627615448609 2.5 0.75
23.992977407529462 47.31019269481187 2.706627615448609 2.5 0.75
23.720911975018648 47.43660630338589 2.706627615448609 2.5 0.75
23.448846542507837 47.5630199119599 2.706627615448609 2.5 0.75
23.176781109997023 47.68943352053392 2.706627615448609 2.5 0.75
22.904715677486212 47.81584712910793 2.706627615448609 2.5 0.75
22.632650244975398 47.94226073768195 2.706627615448609 2.5 0.75
22.360584812464587 48.06867434625596 2.706627615448609 2.5 0.75
22.084046470839098 48.18421006310235 2.8411782947768134 2.5 0.75
21.789821119538328 48.23928040632675 3.0719475255460438 2.5 0.75
21.52 48.23 3.28 2.5 0.75
21.222586762934707 48.19068943021284 3.272896502312203 2.5 0.75
20.925169154650717 48.151411366581456 3.272896502312203 2.5 0.75
20.627751546366728 48.11213330295007 3.272896502312203 2.5 0.75
20.330333938082738 48.07285523931868 3.272896502312203 2.5 0.75
20.03291632979875 48.03357717568729 3.272896502312203 2.5 0.75
19.73549872151476 47.9942991120559 3.272896502312203 2.5 0.75
19.43808111323077 47.95502104842451 3.272896502312203 2.5 0.75
19.14066350494678 47.91574298479313 3.272896502312203 2.5 0.75
18.84324589666279 47.876464921161734 3.272896502312203 2.5 0.75
18.5458282883788 47.83718685753035 3.272896502312203 2.5 0.75
18.24841068009481 47.797908793898955 3.272896502312203 2.5 0.75
17.95099307181082 47.75863073026757 3.272896502312203 2.5 0.75
17.653575463526835 47.71935266663618 3.272896502312203 2.5 0.75
17.356157855242845 47.68007460300479 3.272896502312203 2.5 0.75
17.05881693253456 47.64025613624029 3.3018747370103068 2.5 0.75
16.770783870154922 47.55878064896269 3.532643967779537 2.5 0.75
16.75 47.55 3.55 2.5 0.75
16.474618903706315 47.43098213667084 3.549539816693579 2.5 0.75
16.199237752784086 47.31196439968702 3.549539816693579 2.5 0.75
15.923856601861859 47.19294666270321 3.549539816693579 2.5 0.75
15.648475450939632 47.073928925719386 3.549539816693579 2.5 0.75
15.373094300017403 46.95491118873557 3.549539816693579 2.5 0.75
15.097713149095176 46.83589345175175 3.549539816693579 2.5 0.75
14.822331998172947 46.71687571476794 3.549539816693579 2.5 0.75
14.54695084725072 46.597857977784116 3.549539816693579 2.5 0.75
14.271569696328491 46.4788402408003 3.549539816693579 2.5 0.75
13.996188545406264 46.35982250381648 3.549539816693579 2.5 0.75
13.720807394484037 46.24080476683267 3.549539816693579 2.5 0.75
13.445426243561808 46.121787029848846 3.549539816693579 2.5 0.75
13.170045092639581 46.00276929286503 3.549539816693579 2.5 0.75
12.89384334525375 45.885755232195066 3.4918216442788834 2.5 0.75
12.78 45.85 3.4 2.5 0.75
12.487788389102311 45.78211471127293 3.367582275895607 2.5 0.75
12.195416537480593 45.71489343205802 3.367582275895607 2.5 0.75
11.903044685858877 45.647672152843114 3.367582275895607 2.5 0.75
11.61067283423716 45.5804508736282 3.367582275895607 2.5 0.75
11.318300982615442 45.513229594413296 3.367582275895607 2.5 0.75
11.025929130993726 45.44600831519839 3.367582275895607 2.5 0.75
10.733557279372008 45.37878703598348 3.367582275895607 2.5 0.75
10.441185427750291 45.31156575676857 3.367582275895607 2.5 0.75
10.148813576128575 45.24434447755367 3.367582275895607 2.5 0.75
9.856441724506858 45.177123198338755 3.367582275895607 2.5 0.75
9.56406987288514 45.10990191912385 3.367582275895607 2.5 0.75
9.271698021263422 45.042680639908944 3.367582275895607 2.5 0.75
8.979326169641707 44.97545936069403 3.367582275895607 2.5 0.75
8.686954318019989 44.908238081479126 3.367582275895607 2.5 0.75
8.394582466398273 44.841016802264214 3.367582275895607 2.5 0.75
8.102210614776556 44.77379552304931 3.367582275895607 2.5 0.75
7.809838763154838 44.7065742438344 3.367582275895607 2.5 0.75
7.517466911533122 44.63935296461949 3.367582275895607 2.5 0.75
7.225095059911404 44.572131685404585 3.367582275895607 2.5 0.75
6.932723208289687 44.50491040618968 3.367582275895607 2.5 0.75
6.640351356667971 44.43768912697477 3.367582275895607 2.5 0.75
6.347979505046253 44.37046784775986 3.367582275895607 2.5 0.75
6.055607653424536 44.30324656854495 3.367582275895607 2.5 0.75
5.763235801802819 44.236025289330044 3.367582275895607 2.5 0.75
5.470863950181101 44.16880401011514 3.367582275895607 2.5 0.75
5.178492098559385 44.101582730900226 3.367582275895607 2.5 0.75
4.886120246937667 44.03436145168532 3.367582275895607 2.5 0.75
4.59374839531595 43.967140172470415 3.367582275895607 2.5 0.75
4.301376543694232 43.8999188932555 3.367582275895607 2.5 0.75
4.009004692072516 43.8326976140406 3.367582275895607 2.5 0.75
3.7166328404507976 43.765476334825685 3.367582275895607 2.5 0.75
3.4242609888290794 43.69825505561078 3.367582275895607 2.5 0.75
3.131889137207361 43.631033776395874 3.367582275895607 2.5 0.75
2.839517285585643 43.56381249718096 3.367582275895607 2.5 0.75
2.547145433963925 43.496591217966056 3.367582275895607 2.5 0.75
2.2547735823422084 43.429369938751144 3.367582275895607 2.5 0.75
1.9624017307204902 43.36214865953624 3.367582275895607 2.5 0.75
1.670029879098772 43.29492738032133 3.367582275895607 2.5 0.75
1.3776580274770538 43.22770610110642 3.367582275895607 2.5 0.75
1.0852861758553374 43.160484821891515 3.367582275895607 2.5 0.75
0.7929143242336192 43.0932635426766 3.367582275895607 2.5 0.75
0.500542472611901 43.0260422634617 3.367582275895607 2.5 0.75
0.2081706209901828 42.958820984246785 3.367582275895607 2.5 0.75
-0.08420123063153362 42.89159970503188 3.367582275895607 2.5 0.75
-0.3765730822532518 42.824378425816974 3.367582275895607 2.5 0.75
-0.66894493387497 42.75715714660206 3.367582275895607 2.5 0.75
-0.96131678549669 42.689935867387156 3.367582275895607 2.5 0.75
-1.2536886371184046 42.62271458817225 3.367582275895607 2.5 0.75
-1.5460604887401228 42.55549330895734 3.367582275895607 2.5 0.75
-1.8384323403618428 42.48827202974243 3.367582275895607 2.5 0.75
-2.1294966266006785 42.416049397316264 3.4567717634945256 2.5 0.75
-2.401511286333797 42.29111211328466 3.6875409942637574 2.5 0.75
-2.637738579656837 42.1072698821728 3.9183102250329873 2.5 0.75
-2.825654084919355 41.87426974712381 4.1490794558022195 2.5 0.75
-2.89 41.76 4.25 2.5 0.75
-3.0167572507220153 41.48809919040304 4.277832162097561 2.5 0.75
-3.143059786254963 41.215982176017775 4.277832162097561 2.5 0.75
-3.2693623217879106 40.943865161632516 4.277832162097561 2.5 0.75
-3.3956648573208583 40.67174814724726 4.277832162097561 2.5 0.75
-3.521967392853806 40.39963113286199 4.277832162097561 2.5 0.75
-3.6482699283867537 40.12751411847673 4.277832162097561 2.5 0.75
-3.7745784569651963 39.85539989349776 4.274643142141505 2.5 0.75
-3.9318350077441426 39.60070070369138 4.043873911372273 2.5 0.75
-4.03 39.49 3.93 2.5 0.75
-4.2411582529546585 39.276898635145855 3.931576174385505 2.5 0.75
-4.452315359438666 39.06379613309274 3.931576174385505 2.5 0.75
-4.663472465922673 38.85069363103961 3.931576174385505 2.5 0.75
-4.874629572406682 38.637591128986486 3.931576174385505 2.5 0.75
-5.085786678890689 38.42448862693337 3.931576174385505 2.5 0.75
-5.296943785374697 38.21138612488024 3.931576174385505 2.5 0.75
-5.51 38.01 3.81 2.5 0.75
-5.764716128413423 37.85277088699292 3.579230769230769 2.5 0.75
-6.048630153653599 37.75791365021682 3.357888958825547 2.5 0.75
-6.341639856664693 37.69352953772507 3.357888958825547 2.5 0.75
-6.634649559675786 37.62914542523332 3.357888958825547 2.5 0.75
-6.92765926268688 37.56476131274156 3.357888958825547 2.5 0.75
-7.219874620415128 37.4971338760223 3.4295683584728356 2.5 0.75
-7.4951869378630285 37.379641629842475 3.6603375892420664 2.5 0.75
-7.736327347364139 37.202292812658506 3.891106820011297 2.5 0.75
-7.930510941116028 36.97449019641252 4.121876050780528 2.5 0.75
-8.067442392225956 36.708311538838615 4.3526452815497585 2.5 0.75
-8.13986179771327 36.417869238613974 4.583414512318988 2.5 0.75
-8.143929587826143 36.118562116856886 4.81418374308822 2.5 0.75
-8.12 35.97 4.93 2.5 0.75
-8.055747841771526 35.67696133455801 4.928228165802889 2.5 0.75
-7.991497676543894 35.38392223090762 4.928228165802889 2.5 0.75
-7.927247511316262 35.090883127257236 4.928228165802889 2.5 0.75
-7.86299734608863 34.79784402360685 4.928228165802889 2.5 0.75
-7.798747180860998 34.50480491995646 4.928228165802889 2.5 0.75
-7.734497015633366 34.21176581630608 4.928228165802889 2.5 0.75
-7.670246850405734 33.91872671265569 4.928228165802889 2.5 0.75
-7.605996685178102 33.625687609005304 4.928228165802889 2.5 0.75
-7.54174651995047 33.33264850535492 4.928228165802889 2.5 0.75
-7.477496354722838 33.03960940170453 4.928228165802889 2.5 0.75
-7.44 32.9 5.03 2.5 0.75
-7.344990523320116 32.6154421215417 5.034683056886337 2.5 0.75
-7.249967518432563 32.33088873719679 5.034683056886337 2.5 0.75
-7.1549445135450105 32.046335352851884 5.034683056886337 2.5 0.75
-7.0599215086574585 31.761781968506977 5.034683056886337 2.5 0.75
-6.964898503769906 31.47722858416207 5.034683056886337 2.5 0.75
-6.869875498882353 31.192675199817163 5.034683056886337 2.5 0.75
-6.7748524939948 30.908121815472256 5.034683056886337 2.5 0.75
-6.679829489107247 30.62356843112735 5.034683056886337 2.5 0.75
-6.584806484219694 30.339015046782443 5.034683056886337 2.5 0.75
-6.489783479332142 30.054461662437536 5.034683056886337 2.5 0.75
-6.394760474444589 29.769908278092633 5.034683056886337 2.5 0.75
-6.299737469557036 29.485354893747726 5.034683056886337 2.5 0.75
-6.204714464669483 29.20080150940282 5.034683056886337 2.5 0.75
-6.109691459781931 28.916248125057912 5.034683056886337 2.5 0.75
-6.0146684548943785 28.631694740713005 5.034683056886337 2.5 0.75
-5.919645450006826 28.3471413563681 5.034683056886337 2.5 0.75
-5.85 28.13 4.97 2.5 0.75
-5.75713085335982 27.844789703951115 5.036862848038404 2.5 0.75
-5.661487807764294 27.56044412577341 5.036862848038404 2.5 0.75
-5.565844762168768 27.27609854759571 5.036862848038404 2.5 0.75
-5.470201716573242 26.991752969418005 5.036862848038404 2.5 0.75
-5.3745586709777164 26.707407391240302 5.036862848038404 2.5 0.75
-5.27891562538219 26.4230618130626 5.036862848038404 2.5 0.75
-5.183272579786664 26.138716234884896 5.036862848038404 2.5 0.75
-5.087629534191138 25.854370656707193 5.036862848038404 2.5 0.75
-4.991986488595612 25.57002507852949 5.036862848038404 2.5 0.75
-4.896343443000086 25.28567950035179 5.036862848038404 2.5 0.75
-4.80070039740456 25.001333922174087 5.036862848038404 2.5 0.75
-4.7050573518090335 24.716988343996384 5.036862848038404 2.5 0.75
-4.609414306213508 24.43264276581868 5.036862848038404 2.5 0.75
-4.53144821550573 24.14343393976928 4.8688513125716515 2.5 0.75
-4.519155684608688 23.844351687311764 4.6380820818024215 2.5 0.75
-4.575597035543329 23.550386257446977 4.407312851033191 2.5 0.75
-4.6 23.48 4.35 2.5 0.75
-4.709729530360971 23.200788266128995 4.337600616638474 2.5 0.75
-4.819552207882264 22.9216127308433 4.337600616638474 2.5 0.75
-4.929374885403558 22.64243719555761 4.337600616638474 2.5 0.75
-5.03919756292485 22.363261660271913 4.337600616638474 2.5 0.75
-5.149020240446143 22.084086124986218 4.337600616638474 2.5 0.75
-5.258842917967436 21.804910589700523 4.337600616638474 2.5 0.75
-5.3686655954887295 21.525735054414827 4.337600616638474 2.5 0.75
-5.478488273010022 21.246559519129136 4.337600616638474 2.5 0.75
-5.588310950531315 20.96738398384344 4.337600616638474 2.5 0.75
-5.698133628052608 20.688208448557745 4.337600616638474 2.5 0.75
-5.8079563055739 20.40903291327205 4.337600616638474 2.5 0.75
-5.917778983095193 20.129857377986355 4.337600616638474 2.5 0.75
-6.027601660616487 19.850681842700663 4.337600616638474 2.5 0.75
-6.137424338137779 19.571506307414968 4.337600616638474 2.5 0.75
-6.2435230134056585 19.29097663338934 4.4156856940115325 2.5 0.75
-6.297501088328449 18.99654893856675 4.6464549247807625 2.5 0.75
-6.3 18.94 4.69 2.5 0.75
-6.309367636524376 18.640146444329638 4.6809822405270065 2.5 0.75
-6.318788109603874 18.34029438966441 4.6809822405270065 2.5 0.75
-6.328208582683372 18.040442334999184 4.6809822405270065 2.5 0.75
-6.33762905576287 17.740590280333954 4.6809822405270065 2.5 0.75
-6.347049528842367 17.440738225668728 4.6809822405270065 2.5 0.75
-6.356470001921865 17.1408861710035 4.6809822405270065 2.5 0.75
-6.365890475001364 16.841034116338275 4.6809822405270065 2.5 0.75
-6.375310948080862 16.541182061673048 4.6809822405270065 2.5 0.75
-6.384731421160359 16.241330007007818 4.6809822405270065 2.5 0.75
-6.394151894239857 15.941477952342591 4.6809822405270065 2.5 0.75
-6.403572367319355 15.641625897677365 4.6809822405270065 2.5 0.75
-6.412992840398853 15.341773843012138 4.6809822405270065 2.5 0.75
-6.4224133134783505 15.041921788346912 4.6809822405270065 2.5 0.75
-6.431833786557848 14.742069733681683 4.6809822405270065 2.5 0.75
-6.441254259637346 14.442217679016455 4.6809822405270065 2.5 0.75
-6.450674732716844 14.142365624351228 4.6809822405270065 2.5 0.75
-6.45232771389048 13.842552691721835 4.790317084264455 2.5 0.75
-6.41 13.6 4.98 2.5 0.75
-6.336302050130929 13.309194917322444 4.959697698138006 2.5 0.75
-6.26286341524184 13.018322493559676 4.959697698138006 2.5 0.75
-6.189424780352752 12.727450069796907 4.959697698138006 2.5 0.75
-6.115986145463664 12.43657764603414 4.959697698138006 2.5 0.75
-6.0425475105745745 12.145705222271372 4.959697698138006 2.5 0.75
-5.969108875685486 11.854832798508605 4.959697698138006 2.5 0.75
-5.895670240796398 11.563960374745836 4.959697698138006 2.5 0.75
-5.82223160590731 11.273087950983069 4.959697698138006 2.5 0.75
-5.74879297101822 10.982215527220301 4.959697698138006 2.5 0.75
-5.675354336129132 10.691343103457534 4.959697698138006 2.5 0.75
-5.601915701240044 10.400470679694767 4.959697698138006 2.5 0.75
-5.5284770663509555 10.109598255932 4.959697698138006 2.5 0.75
-5.455038431461867 9.81872583216923 4.959697698138006 2.5 0.75
-5.381599796572779 9.527853408406463 4.959697698138006 2.5 0.75
-5.30816116168369 9.236980984643694 4.959697698138006 2.5 0.75
-5.234722526794601 8.946108560880928 4.959697698138006 2.5 0.75
-5.161283891905513 8.655236137118159 4.959697698138006 2.5 0.75
-5.087845257016425 8.364363713355392 4.959697698138006 2.5 0.75
-4.99136438186677 8.080914601265953 5.152784223678926 2.5 0.75
-4.8334335824761325 7.8266329411825915 5.3835534544481565 2.5 0.75
-4.82 7.81 5.4 2.5 0.75
-4.629878212601849 7.577935987900654 5.398763320604334 2.5 0.75
-4.439757193924402 7.34587134549029 5.398763320604334 2.5 0.75
-4.2496361752469545 7.113806703079927 5.398763320604334 2.5 0.75
-4.059515156569507 6.8817420606695645 5.398763320604334 2.5 0.75
-3.8693941378920593 6.649677418259201 5.398763320604334 2.5 0.75
-3.6792731192146118 6.417612775848838 5.398763320604334 2.5 0.75
-3.489152100537164 6.185548133438474 5.398763320604334 2.5 0.75
-3.2990310818597175 5.953483491028112 5.398763320604334 2.5 0.75
-3.10891006318227 5.721418848617748 5.398763320604334 2.5 0.75
-2.9187890445048223 5.489354206207386 5.398763320604334 2.5 0.75
-2.728668025827375 5.257289563797023 5.398763320604334 2.5 0.75
-2.5385470071499276 5.025224921386659 5.398763320604334 2.5 0.75
-2.348425988472481 4.793160278976297 5.398763320604334 2.5 0.75
-2.158304969795033 4.561095636565934 5.398763320604334 2.5 0.75
-1.9681839511175854 4.329030994155571 5.398763320604334 2.5 0.75
-1.7780629324401387 4.096966351745208 5.398763320604334 2.5 0.75
-1.5879419137626911 3.864901709334845 5.398763320604334 2.5 0.75
-1.3978208950852444 3.6328370669244823 5.398763320604334 2.5 0.75
-1.2076998764077969 3.4007724245141198 5.398763320604334 2.5 0.75
-1.0175788577303493 3.1687077821037564 5.398763320604334 2.5 0.75
-0.8274578390529017 2.936643139693393 5.398763320604334 2.5 0.75
-0.637336820375455 2.7045784972830313 5.398763320604334 2.5 0.75
-0.44721580169800834 2.472513854872667 5.398763320604334 2.5 0.75
-0.25709478302056077 2.2404492124623054 5.398763320604334 2.5 0.75
-0.0669737643431132 2.008384570051942 5.398763320604334 2.5 0.75
0.12314725433433349 1.7763199276415795 5.398763320604334 2.5 0.75
0.31326827301178195 1.5442552852312152 5.398763320604334 2.5 0.75
0.5033892916892304 1.3121906428208518 5.398763320604334 2.5 0.75
0.6935103103666789 1.0801260004104885 5.398763320604334 2.5 0.75
