# ref: https://uos.github.io/mbf_docs/tutorials/beginner/path_planning/

        create_pose(-1.75, 0.74, 0, 0, 0, 0.539, 0.843),
        create_pose(-0.36, 1.92, 0, 0, 0, -0.020, 0.999),
        create_pose(0.957, 1.60, 0, 0, 0, -0.163, 0.987),
        create_pose(1.8741, 0.3830, 0, 0, 0, -0.70, 0.711),
        create_pose(1.752, -0.928, 0, 0, 0, -0.856, 0.517),
        create_pose(0.418, -2.116, 0, 0, 0, 0.998, 0.0619),
        create_pose(-0.775, -1.80, 0, 0, 0, 0.954, 0.300),
        create_pose(-1.990, -0.508, 0, 0, 0, -0.112, 0.999)

The above is a circle.  I want to make it larger, but keep the headings 

        create_pose(6.0, 19.0, 0, 0, 0, 0.539, 0.843),
        create_pose(13.75, 24.3, 0, 0, 0, -0.020, 0.999),
        create_pose(19.3, 22.7, 0, 0, 0, -0.163, 0.987),
        create_pose(23.75, 17.3, 0, 0, 0, -0.70, 0.711),
        create_pose(23.75, 11, 0, 0, 0, -0.856, 0.517),
        create_pose(17.5, 4.9, 0, 0, 0, 0.998, 0.0619),
        create_pose(11.25, 6.0, 0, 0, 0, 0.954, 0.300),
        create_pose(5.8, 12.8, 0, 0, 0, -0.112, 0.999)

The center of the circle is now (15, 15) and the radius of the circle is approximately 10 meters

Below is a dubins example going East 3 meters then turning left to return
    target_poses = [ 
#create_pose(0.000,  0.000, 0 ,  0.0, 0.0 , 0.0000 , 1.0000),
create_pose(1.000,  0.000, 0 ,  0.0, 0.0 , 0.0000 , 1.0000),
#create_pose(2.000,  0.000, 0 ,  0.0, 0.0 , 0.0000 , 1.0000),
create_pose(3.000,  0.000, 0 ,  0.0, 0.0 , 0.0000 , 1.0000),
create_pose(3.943, -0.286, 0 , -0.0, 0.0 , 0.2899, -0.9570),
# create_pose(4.695, -0.940, 0 , -0.0, 0.0 , 0.2721, -0.9622),
create_pose(5.648, -1.190, 0 ,  0.0, 0.0 , 0.0185,  0.9998),
# create_pose(6.580, -0.870, 0 ,  0.0, 0.0 , 0.3074,  0.9516),
create_pose(7.178, -0.086, 0 ,  0.0, 0.0 , 0.5704,  0.8214),
# create_pose(7.240,  0.898, 0 ,  0.0, 0.0 , 0.7839,  0.6208),
create_pose(6.746,  1.750, 0 ,  0.0, 0.0 , 0.9302,  0.3670),
# create_pose(5.862,  2.186, 0 ,  0.0, 0.0 , 0.9967,  0.0817),
create_pose(4.884,  2.057, 0 , -0.0, 0.0 , 0.9775, -0.2111),
# create_pose(4.114,  1.433, 0 , -0.0, 0.0 , 0.9372, -0.3487),
create_pose(3.213,  1.033, 0 , -0.0, 0.0 , 0.9981, -0.0617),
# create_pose(3.000,  1.020, 0 ,  0.0, 0.0 , 0.9999,  0.0008),
create_pose(2.000,  1.020, 0 , -0.0, 0.0 , 0.9999, -0.0002),
# create_pose(1.000,  1.020, 0 , -0.0, 0.0 , 0.9999, -0.0002),
create_pose(2.292,  1.020, 0 ,  0.0, 0.0 , 0.9999,  0.0008)
]

Equidistant corners:
        create_pose(7.5, 22.0, 0, 0, 0, 0.392, 0.920),
        create_pose(15.0,25.0, 0, 0.000, 0.000, 0.000, 1.000),
        create_pose(22.5, 22.5, 0, 0.000, 0.000, -0.353, 0.936),
        create_pose(25.0, 15.0, 0, 0.000, 0.000, -0.707, 0.707),
        create_pose(22.5, 7.5, 0, 0.000, 0.000, -0.918, 0.397),
        create_pose(15.0, 5.0, 0, -0.000, 0.000, 1.000, -0.000),
        create_pose(7.5, 7.5, 0, 0.000, 0.000, 0.946, 0.323),
        create_pose(5.0, 15.0, 0, 0.000, 0.000, 0.697, 0.717)