21.5 3.3 1.64
21.496022608212655 3.7999004495814823 1.5699124817361167
21.49646453068451 4.299900254285974 1.5699124817361167
21.496906453156363 4.799900058990463 1.5699124817361167
21.497348375628217 5.299899863694955 1.5699124817361167
21.497790298100067 5.799899668399446 1.5699124817361167
21.49823222057192 6.299899473103936 1.5699124817361167
21.498674143043775 6.799899277808427 1.5699124817361167
21.49911606551563 7.299899082512917 1.5699124817361167
21.49955798798748 7.799898887217409 1.5699124817361167
21.499999910459334 8.2998986919219 1.5699124817361167
21.500441832931187 8.79989849662639 1.5699124817361167
21.500883755403038 9.299898301330881 1.5699124817361167
21.501325677874892 9.799898106035371 1.5699124817361167
21.501767600346746 10.299897910739862 1.5699124817361167
21.5022095228186 10.799897715444352 1.5699124817361167
21.50265144529045 11.299897520148843 1.5699124817361167
21.503093367762304 11.799897324853333 1.5699124817361167
21.503535290234158 12.299897129557824 1.5699124817361167
21.50397721270601 12.799896934262314 1.5699124817361167
21.50001399922191 13.299797867962543 1.6398874354248094
21.5 13.3 1.64
21.53470259407934 13.79718442104219 1.362222222222222
21.70441249870588 14.265794244706335 1.0844444444444443
21.996118798309915 14.669903206911101 0.8066666666666666
22.32994198591048 15.040733229750925 0.9636385194058528
22.554888263201455 15.485475616864885 1.2414162971836304
22.64925477596965 15.97485438615393 1.5191940749614081
22.6058068567221 16.471351009381067 1.796971852739186
22.427875467256552 16.936901263602618 2.0747496305169637
22.12910182839999 17.335813448534715 2.3525274082947414
21.732391607315282 17.63750471299197 2.630305186072519
21.268158840257616 17.81884570822711 2.9080829638502967
20.77199422153662 17.865933813862597 3.1858607416280744
20.28193652076366 17.775158990943375 3.463638519405853
19.835556316880943 17.553480547822453 3.7414162971836307
19.467075626319907 17.217893600450314 4.019194074961408
19.20474425079076 16.794126131222345 4.296971852739186
19.068673988634366 16.314666537179654 4.574749630516964
19.06929675127252 15.816272886809198 4.852527408294741
19.206564794219577 15.337154839822471 5.130305186072519
19.469954377443194 14.914044279788595 5.408082963850297
19.837391640219817 14.576848626818943 5.60214771324924
20.17743341216876 14.212474901239405 5.324369935471462
20.404522122933727 13.768822631994677 5.046592157693684
20.5 13.3 4.78
20.503794235610027 12.800092832977665 4.711545834509316
20.50337266272229 12.300093010701396 4.711545834509316
20.50295108983455 11.800093188425128 4.711545834509316
20.50252951694681 11.30009336614886 4.711545834509316
20.502107944059073 10.800093543872592 4.711545834509316
20.50168637117134 10.300093721596323 4.711545834509316
20.5012647982836 9.800093899320053 4.711545834509316
20.50084322539586 9.300094077043784 4.711545834509316
20.500421652508123 8.800094254767515 4.711545834509316
20.500000079620385 8.300094432491248 4.711545834509316
20.499578506732647 7.800094610214979 4.711545834509316
20.49915693384491 7.30009478793871 4.711545834509316
20.49873536095717 6.80009496566244 4.711545834509316
20.498313788069435 6.300095143386173 4.711545834509316
20.497892215181697 5.800095321109903 4.711545834509316
20.49747064229396 5.300095498833633 4.711545834509316
20.49704906940622 4.8000956765573655 4.711545834509316
20.49662749651848 4.300095854281096 4.711545834509316
20.496205923630743 3.800096032004827 4.711545834509316
20.49998725025358 3.3001884342084207 4.7798950749724325
20.5 3.3 4.78
20.602188437318116 2.81219456558852 5.057777777777778
20.83422536402781 2.371110125593168 5.335555555555556
21.178321524580795 2.0105626934076337 5.613333333333333
21.54286324028801 1.6704287410401157 5.396897343766203
21.801503690995233 1.2443985357484526 5.119119565988425
21.933404025980128 0.7637750654582853 4.841341788210648
21.928452023885423 0.26540562795419254 4.56356401043287
21.787027333036875 -0.21250197334681742 4.2857862326550915
21.51997236546784 -0.6333086544482378 4.008008454877314
21.14776105664578 -0.9647530089752978 3.730230677099536
20.698929218454108 -1.1814246489939588 3.4524528993217585
20.207886823395967 -1.2667123082328908 3.174675121543981
19.7122799426144 -1.2140773551611987 2.896897343766203
19.25010458639418 -1.0275550812483987 2.6191195659884254
18.856793716361288 -0.7214453328298598 2.341341788210647
18.562500755404677 -0.31921620447851495 2.063564010432869
18.389787856724496 0.14829515708650787 1.7857862326550915
18.351896162300484 0.6452467020650587 1.5080084548773138
18.451730662492686 1.1335393306539663 1.2302306770995362
18.68163748314565 1.57573778426969 0.9524528993217585
19.017730585933744 1.9447109287992514 0.8178522867507603
19.30489852179516 2.352057458397805 1.095630064528538
19.469356227491485 2.8225362375154104 1.3734078423063156
19.5 3.3 1.64
19.496022608212655 3.7999004495814823 1.5699124817361167
19.49646453068451 4.299900254285974 1.5699124817361167
19.496906453156363 4.799900058990463 1.5699124817361167
19.497348375628217 5.299899863694955 1.5699124817361167
19.497790298100067 5.799899668399446 1.5699124817361167
19.49823222057192 6.299899473103936 1.5699124817361167
19.498674143043775 6.799899277808427 1.5699124817361167
19.49911606551563 7.299899082512917 1.5699124817361167
19.49955798798748 7.799898887217409 1.5699124817361167
19.499999910459334 8.2998986919219 1.5699124817361167
19.500441832931187 8.79989849662639 1.5699124817361167
19.500883755403038 9.299898301330881 1.5699124817361167
19.501325677874892 9.799898106035371 1.5699124817361167
19.501767600346746 10.299897910739862 1.5699124817361167
19.5022095228186 10.799897715444352 1.5699124817361167
19.50265144529045 11.299897520148843 1.5699124817361167
19.503093367762304 11.799897324853333 1.5699124817361167
19.503535290234158 12.299897129557824 1.5699124817361167
19.50397721270601 12.799896934262314 1.5699124817361167
19.50001399922191 13.299797867962543 1.6398874354248094
19.5 13.3 1.64
19.53470259407934 13.79718442104219 1.362222222222222
19.70441249870588 14.265794244706335 1.0844444444444443
19.996118798309915 14.669903206911101 0.8066666666666666
20.32994198591048 15.040733229750925 0.9636385194058528
20.554888263201455 15.485475616864885 1.2414162971836304
20.64925477596965 15.97485438615393 1.5191940749614081
20.6058068567221 16.471351009381067 1.796971852739186
20.427875467256552 16.936901263602618 2.0747496305169637
20.12910182839999 17.335813448534715 2.3525274082947414
19.732391607315282 17.63750471299197 2.630305186072519
19.268158840257616 17.81884570822711 2.9080829638502967
18.77199422153662 17.865933813862597 3.1858607416280744
18.28193652076366 17.775158990943375 3.463638519405853
17.835556316880943 17.553480547822453 3.7414162971836307
17.467075626319907 17.217893600450314 4.019194074961408
17.20474425079076 16.794126131222345 4.296971852739186
17.068673988634366 16.314666537179654 4.574749630516964
17.06929675127252 15.816272886809198 4.852527408294741
17.206564794219577 15.337154839822471 5.130305186072519
17.469954377443194 14.914044279788595 5.408082963850297
17.837391640219817 14.576848626818943 5.60214771324924
18.17743341216876 14.212474901239405 5.324369935471462
18.404522122933727 13.768822631994677 5.046592157693684
18.5 13.3 4.78
18.503794235610027 12.800092832977665 4.711545834509316
18.50337266272229 12.300093010701396 4.711545834509316
18.50295108983455 11.800093188425128 4.711545834509316
18.50252951694681 11.30009336614886 4.711545834509316
18.502107944059073 10.800093543872592 4.711545834509316
18.50168637117134 10.300093721596323 4.711545834509316
18.5012647982836 9.800093899320053 4.711545834509316
18.50084322539586 9.300094077043784 4.711545834509316
18.500421652508123 8.800094254767515 4.711545834509316
18.500000079620385 8.300094432491248 4.711545834509316
18.499578506732647 7.800094610214979 4.711545834509316
18.49915693384491 7.30009478793871 4.711545834509316
18.49873536095717 6.80009496566244 4.711545834509316
18.498313788069435 6.300095143386173 4.711545834509316
18.497892215181697 5.800095321109903 4.711545834509316
18.49747064229396 5.300095498833633 4.711545834509316
18.49704906940622 4.8000956765573655 4.711545834509316
18.49662749651848 4.300095854281096 4.711545834509316
18.496205923630743 3.800096032004827 4.711545834509316
18.49998725025358 3.3001884342084207 4.7798950749724325
