22.499475970008216 -9.248574951157774 0.18566783975845128 2.5 0.75
22.618009314051527 -9.2263106961499 0.4459839558345086 2.5 0.75
22.71114257241973 -9.181782616831237 0.5815614936391357 2.5 0.75
22.795809125285803 -9.126122613805018 0.4459839778765669 2.5 0.75
22.888942381342883 -9.081594533069218 0.5011801076548209 2.5 0.75
22.990542274879108 -9.025934475575589 0.4130558122091156 2.5 0.75
23.092142201053843 -8.981406365760893 0.3175770382545987 2.5 0.75
23.19374216073836 -8.948010204142742 0.34430176193325185 2.5 0.75
23.28687544795977 -8.914614067236162 0.5386816177402487 2.5 0.75
23.38000866370087 -8.858954030964313 0.5454288938715469 2.5 0.75
23.490075187986022 -8.792161990988903 0.445984089432486 2.5 0.75
23.583208435807794 -8.747633901425976 0.44598410271094574 2.5 0.75
23.676341683548547 -8.703105810382429 0.445984114973591 2.5 0.75
23.76947493040355 -8.658577718359243 0.3443018503048572 2.5 0.75
23.862608210356314 -8.625181574770469 0.44598415136787867 2.5 0.75
23.955741455151657 -8.580653479567701 0.44598415962053983 2.5 0.75
24.048874697403807 -8.536125384636572 0.6308695494840919 2.5 0.75
24.125074560958765 -8.48046539366619 0.31757720368310405 2.5 0.75
24.226674509222214 -8.447069217178669 0.21572617804946165 2.5 0.75
24.32827449272891 -8.424804988790244 0.3443019317765042 2.5 0.75
24.42140776851053 -8.391408838133804 0.23465348900433236 2.5 0.75
24.51454107872905 -8.369144634883876 0.34430196024339177 2.5 0.75
24.607674353032287 -8.335748481765446 0.23465351692601172 2.5 0.75
24.70080766204998 -8.313484276053535 0.29458977495887495 2.5 0.75
24.810874277183483 -8.280088064822321 3.3264561472957277e-06 2.5 0.75
24.904007660305677 -8.280087755018206 0.3175773110537902 2.5 0.75
25.005607602160236 -8.246691568549796 0.11896592321397156 2.5 0.75
25.098740946385572 -8.235559306757649 0.41305612940420444 2.5 0.75
25.20034084939968 -8.19103116867639 0.48417021132550914 2.5 0.75
25.285007409007903 -8.14650308653599 0.44598436659718005 2.5 0.75
25.37814063934212 -8.10197497362015 0.3175773771361143 2.5 0.75
25.479740576764602 -8.068578781169203 0.44598439708322635 2.5 0.75
25.57287380497975 -8.024050665778221 0.4841702706055352 2.5 0.75
25.657540360481573 -7.979522579390195 0.44598441878109335 2.5 0.75
25.750673585119237 -7.934994463226923 0.41305623968307625 2.5 0.75
25.852273480231027 -7.89046631525256 0.4459844447914239 2.5 0.75
25.945406703816765 -7.845938196616056 0.41305626070981283 2.5 0.75
26.04700659643439 -7.801410047188152 0.375706700769961 2.5 0.75
26.131673185581477 -7.768013903639184 0.5815620480639652 2.5 0.75
26.216339695894458 -7.712353861359272 0.4459845007752776 2.5 0.75
26.30947291501398 -7.667825738452299 0.3757067408416056 2.5 0.75
26.394139501434047 -7.634429592058397 0.4459845328972972 2.5 0.75
26.487272718688708 -7.58990146636755 0.48417042297986923 2.5 0.75
26.571939263772858 -7.545373368989053 0.4841704308005881 2.5 0.75
26.65660580789661 -7.50084527127035 0.37570678125925483 2.5 0.75
26.741272390699137 -7.4674491223489206 0.5386821686015113 2.5 0.75
26.83440556396071 -7.411789041836837 0.4459846047031252 2.5 0.75
26.92753877447695 -7.367260911151498 0.5131404415825581 2.5 0.75
27.046071914395057 -7.300468788963868 0.5815621964160832 2.5 0.75
27.13073841247799 -7.24480873673521 0.4459846519453335 2.5 0.75
27.223871620492414 -7.20028060184044 0.6679259840277222 2.5 0.75
27.308538075365597 -7.133488598630556 0.5386822643429446 2.5 0.75
27.40167124023335 -7.077828511033441 0.48417056616782406 2.5 0.75
27.486337774065444 -7.033300404096207 0.5815622715580874 2.5 0.75
27.571004265832418 -6.977640346908141 0.48417059055093653 2.5 0.75
27.65567079740218 -6.933112238525273 0.5011808768280993 2.5 0.75
27.75727062631797 -6.877452114831059 0.5386823252732249 2.5 0.75
27.850403784351087 -6.821792023617139 0.5386823516759254 2.5 0.75
27.943536941382018 -6.766131929664922 0.44598478913156225 2.5 0.75
28.03667013732922 -6.7216037848424275 0.37570701134107637 2.5 0.75
28.121336705197315 -6.688207619300702 0.3175777965956033 2.5 0.75
28.222936611038378 -6.654811390009023 0.3175778236597656 2.5 0.75
28.324536516119768 -6.621415157920239 0.3175778352306182 2.5 0.75
28.42613642039666 -6.588018924793281 0.44598486427765593 2.5 0.75
28.519269612435817 -6.5434907732408565 0.3175778575443698 2.5 0.75
28.620869514590712 -6.5100945382993824 0.31757789019151456 2.5 0.75
28.722469416132306 -6.476698299884173 0.4459849022977895 2.5 0.75
28.81560260500332 -6.432170145496113 0.4459849240032845 2.5 0.75
28.908735791615946 -6.387641989704217 0.4459849366717896 2.5 0.75
29.00186897820995 -6.34311383247166 0.31757792856878847 2.5 0.75
29.103468875448122 -6.309717591150588 0.34430268031588407 2.5 0.75
29.196602102514564 -6.276321379284737 0.5815625386628056 2.5 0.75
29.281268574113984 -6.220661302966416 0.41305678931526546 2.5 0.75
29.382868424823705 -6.176133107883315 0.41305680620048885 2.5 0.75
29.484468274170943 -6.131604911352292 0.5386826134077046 2.5 0.75
29.57760140908463 -6.075944797535891 0.44598503728865957 2.5 0.75
29.670734587862903 -6.031416632527284 0.41305685086917443 2.5 0.75
29.77233443368 -5.986888432133358 0.29459054895711956 2.5 0.75
29.882400990687753 -5.953492145504277 0.3175780800166984 2.5 0.75
29.98400087896857 -5.920095890077914 0.3175780747008739 2.5 0.75
30.085600766027166 -5.886699635651741 0.31757810759872346 2.5 0.75
30.187200652435855 -5.853303377735642 0.3175781050845496 2.5 0.75
30.288800537694048 -5.819907120480755 0.21572706943919281 2.5 0.75
30.390400467578242 -5.797642808928809 0.2945906385074587 2.5 0.75
30.500467020470033 -5.764246512784672 0.3175781596529243 2.5 0.75
30.60206690316653 -5.730850250228659 0.21572710091052294 2.5 0.75
30.70366683078816 -5.708585935821494 0.4459852220965568 2.5 0.75
30.796799997149297 -5.6640577556034675 0.3443029157312644 2.5 0.75
30.889933209625152 -5.6306615242254034 0.2157271518661197 2.5 0.75
30.9915331350707 -5.608397204869404 0.48417112789763755 2.5 0.75
31.076199630870896 -5.563869057219528 0.48417114628231345 2.5 0.75
31.16086612560477 -5.51934090814335 0.3443029681115082 2.5 0.75
31.253999334599932 -5.485944672507798 0.3443029981812321 2.5 0.75
31.34713254164883 -5.452548434409561 0.34430299723624674 2.5 0.75
31.44026574900549 -5.41915219630029 0.2157272310273542 2.5 0.75
31.54186566992535 -5.396887869507039 0.21572722640852696 2.5 0.75
31.64346559002494 -5.374623543385347 0.31757833988112544 2.5 0.75
31.745065462563513 -5.341227263878669 0.10913536610702346 2.5 0.75
31.846665429039426 -5.330094881689526 0.10079974609289057 2.5 0.75
31.956732063467513 -5.3189624633464065 0.109135387414563 2.5 0.75
32.05833202933039 -5.307830079033598 0.23465460807290459 2.5 0.75
32.15146527844627 -5.285565780212033 0.1189669159085966 2.5 0.75
32.24459857612424 -5.274433430209852 0.31757840614933586 2.5 0.75
32.34619844439129 -5.241037144646939 0.11896694828654351 2.5 0.75
32.43933174008655 -5.229904791823206 0.31757845054743744 2.5 0.75
32.540931607060735 -5.196508501687043 0.4130572728825106 2.5 0.75
32.64253142434336 -5.15198026268669 0.23465468952622084 2.5 0.75
32.73566467100131 -5.129715956433169 0.34430319405612925 2.5 0.75
32.82879786808047 -5.096319701321797 0.31757850229288603 2.5 0.75
32.93039773138852 -5.062923406565343 0.3443032368410647 2.5 0.75
33.023530925728686 -5.02952714793907 0.48417142944536296 2.5 0.75
33.10819740269018 -4.98499897760416 0.34430325904726206 2.5 0.75
33.20133059645251 -4.95160271685103 0.3175785540717059 2.5 0.75
33.30293045606018 -4.91820641748178 0.4459856012699043 2.5 0.75
33.39606359831603 -4.873678205402782 0.31757858768404346 2.5 0.75
33.497663456071315 -4.8402819028584325 0.3443033161016044 2.5 0.75
33.59079664499616 -4.8068856378430525 0.38442964941405533 2.5 0.75
33.70086311858339 -4.762357346441993 0.3175786337641973 2.5 0.75
33.802462973476565 -4.728961039650849 0.4459856813696667 2.5 0.75
33.895596109161964 -4.684432821548043 0.34430337235717573 2.5 0.75
33.988729295461546 -4.6510365515611 0.3443033921102621 2.5 0.75
34.0818624798665 -4.617640280177325 0.4841716031327253 2.5 0.75
34.16652894731597 -4.5731120960720375 0.34430341210828164 2.5 0.75
34.259662129848685 -4.539715823257656 0.23465491792553392 2.5 0.75
34.352795363958656 -4.51745149751662 0.37570795610555036 2.5 0.75
34.43746187874265 -4.484055260478338 0.44598577932172145 2.5 0.75
34.53059500876663 -4.4395270338743975 0.3443034639121341 2.5 0.75
34.62372818797373 -4.406130756807505 0.3443034985797085 2.5 0.75
34.716861367794294 -4.372734475876772 0.48417169089231343 2.5 0.75
34.80152782734086 -4.328206286442325 0.4459858354714055 2.5 0.75
34.894660952067895 -4.28367805594613 0.25714277276441616 2.5 0.75
34.97932751507209 -4.261413761371153 0.4459858591305416 2.5 0.75
35.07246063785339 -4.216885529098099 0.4459858771945151 2.5 0.75
35.165593760749104 -4.172357294703412 0.3757080704327663 2.5 0.75
35.25026026786049 -4.138961049505834 0.44598591294304557 2.5 0.75
35.34339338883796 -4.0944328119378435 0.3757081022453957 2.5 0.75
35.4280598943255 -4.061036564268252 0.3443036145105858 2.5 0.75
35.52119306490018 -4.027640274467631 0.4459859385557148 2.5 0.75
35.6143261827423 -3.983112035468023 0.48417183937203034 2.5 0.75
35.698992632621554 -3.938583835069437 0.44598597536375845 2.5 0.75
35.792125748314554 -3.894055592885679 0.3443036705474347 2.5 0.75
35.88525891527204 -3.8606592984921786 0.44598599650155435 2.5 0.75
35.97839202887131 -3.8161310548908176 0.4459860196085004 2.5 0.75
36.0715251413793 -3.7716028091672573 0.4459860381965459 2.5 0.75
36.1646582516451 -3.7270745623888213 0.5386836329657609 2.5 0.75
36.25779130782937 -3.6714143667543633 0.5011822041072371 2.5 0.75
36.35939102814349 -3.6157541272325893 0.4130578684903716 2.5 0.75
36.460990801192416 -3.5712258354813984 0.3844301015782655 2.5 0.75
36.5710572383695 -3.5266975008968364 0.3175790602737962 2.5 0.75
36.672657063547234 -3.4933011558579645 0.4130579132491533 2.5 0.75
36.7742568331047 -3.448772860216009 0.4130579237514473 2.5 0.75
36.875856601388854 -3.404244563860123 0.31757911285509643 2.5 0.75
36.97745642361577 -3.3708482138717355 0.2945916020267795 2.5 0.75
37.087522911140645 -3.337451821746541 0.18566994726176128 2.5 0.75
37.20605611815919 -3.315187333853557 0.31757915246154655 2.5 0.75
37.30765593761541 -3.2817909803171217 0.10080051706335567 2.5 0.75
37.41772253277903 -3.2706584802191268 0.294591669874279 2.5 0.75
37.52778901561025 -3.2372620813628377 5.028601146817032e-06 2.5 0.75
37.62938900081254 -3.2372615704570356 0.19958860006952586 2.5 0.75
37.73945553973443 -3.214997116554766 0.10913618495346311 2.5 0.75
37.84105546825756 -3.203864654330575 0.19958862594321386 2.5 0.75
37.9511220047996 -3.181600197945351 0.19958864039678065 2.5 0.75
38.06118854190163 -3.159335739790904 0.3175792763626336 2.5 0.75
38.16278835551884 -3.1259393742253208 0.2945917835210313 2.5 0.75
38.27285483297811 -3.0925429633386936 0.34430402507328234 2.5 0.75
38.36598797997101 -3.059146638840503 0.31757932226345437 2.5 0.75
38.46758779080742 -3.0257502690215894 0.34430405855044277 2.5 0.75
38.560720934898285 -2.9923539420452916 0.3175793525639962 2.5 0.75
38.66232074397066 -2.9589575693950705 0.3757085961492926 2.5 0.75
38.74698722298642 -2.9255612838438383 0.4841723196700007 2.5 0.75
38.831653642161825 -2.8810330476801984 0.48417233091161804 2.5 0.75
38.91632006036778 -2.8365048108113675 0.3443041166846232 2.5 0.75
39.00945320125105 -2.8031084788748677 0.34430415031843786 2.5 0.75
39.1025863401618 -2.7697121441104824 0.4459864860329022 2.5 0.75
39.19571942101921 -2.725183860149975 0.44598650824943636 2.5 0.75
39.28885249952717 -2.680655574770703 0.44598651989666993 2.5 0.75
39.38198557819953 -2.6361272879801145 0.4841724193011515 2.5 0.75
39.46665199035747 -2.591599044738513 0.34430421609591244 2.5 0.75
39.55978512578685 -2.5582027043087208 0.4841724420743716 2.5 0.75
39.64445153596242 -2.5136744596482568 0.484172466510969 2.5 0.75
39.72911794515236 -2.469146212864928 0.5815641853855951 2.5 0.75
39.81378429396104 -2.4134860175921022 0.5815642093258049 2.5 0.75
39.89845064157888 -2.3578258201992077 0.5815642071754693 2.5 0.75
39.983116989061564 -2.3021656231559127 0.7784040450280177 2.5 0.75
40.05084994564081 -2.2353735657901006 0.7540293500427913 2.5 0.75
40.11011629703987 -2.1797135025834056 0.9930779009220952 2.5 0.75
40.16091586301461 -2.1017895859537528 0.9205679040066531 2.5 0.75
40.22864869750765 -2.012733628782536 1.1270610313495337 2.5 0.75
40.27098153765196 -1.9236778086318853 1.0524086910786183 2.5 0.75
40.321781040131306 -1.8346219417457061 1.2074042361582842 2.5 0.75
40.35564721493593 -1.7455661654991252 1.244827813536154 2.5 0.75
40.38951332872314 -1.6453784414730743 1.8282352856438175 2.5 0.75
40.08470722702803 -0.487657379076967 1.6551095138022915 2.5 0.75
40.07624002664289 -0.38746988129438603 1.570801690557698 2.5 0.75
40.07623936984242 -0.2650184422821534 1.5708016905012192 2.5 0.75
40.076238772757364 -0.15369895175615123 1.7217590966917968 2.5 0.75
40.05930485184416 -0.04237955116073571 1.7082162145226958 2.5 0.75
40.04237087177749 0.08007179756668718 1.795133168840613 2.5 0.75
40.01697029084895 0.1913911524886337 1.6398348208967948 2.5 0.75
40.008502974122 0.313842546181441 1.5708016814563237 2.5 0.75
40.008502378043815 0.42516203776965833 1.4948905238885402 2.5 0.75
40.016968442629214 0.5364815732611206 1.4033678034281847 2.5 0.75
40.03390122832813 0.6366692066478264 1.4033678047786273 2.5 0.75
40.05083401358874 0.7368568382645257 1.3225087441664907 2.5 0.75
40.076233458695555 0.8370445169706188 1.403367815972329 2.5 0.75
40.093166242922294 0.9372321492951828 1.322508754022921 2.5 0.75
40.11856568679873 1.0374198272935762 1.382901479627825 2.5 0.75
40.13549852979265 1.12647551077775 1.3829014845986147 2.5 0.75
40.15243137239527 1.215531194616325 1.3829014872518564 2.5 0.75
40.169364214618575 1.304586877747583 1.3829014927326866 2.5 0.75
40.18629705640324 1.393642561231773 1.4864939151669079 2.5 0.75
40.19476317711967 1.493830148945112 1.4760149817405104 2.5 0.75
40.203229357506174 1.5828857874641833 1.4033678495375232 2.5 0.75
40.22016213833383 1.6830734201425404 1.3829015091098593 2.5 0.75
40.23709497867474 1.7721291039814675 1.4760149780158878 2.5 0.75
40.245561159429535 1.861184742853894 1.382901527439086 2.5 0.75
40.262493997877314 1.9502404256315196 1.4948905637730376 2.5 0.75
40.27096005813168 2.0615599628924146 1.4033678680689363 2.5 0.75
40.28789283699004 2.1617475952178613 1.1270612590631133 2.5 0.75
40.330225652777926 2.250803416431032 1.32250882763398 2.5 0.75
40.3556250889847 2.3509910951365036 1.3225088356228056 2.5 0.75
40.38102452451929 2.451178774550547 1.29296388962645 2.5 0.75
40.40642401955515 2.540234505123262 1.2074044352528008 2.5 0.75
40.44029017352778 2.6292902799566367 1.2448280055047316 2.5 0.75
40.474156266363146 2.7294780053986636 1.2448280222298775 2.5 0.75
40.50802235709215 2.829665730132924 1.052408987312037 2.5 0.75
40.55882182561562 2.918721598788764 1.1270613340093911 2.5 0.75
40.601154633894545 3.0077774214189597 1.3225088863297545 2.5 0.75
40.6265540639332 3.107965100481118 1.0524090206124728 2.5 0.75
40.67735352913106 3.1970209701974848 1.1710162170704117 2.5 0.75
40.71968627374595 3.297208742021373 1.101531246900387 2.5 0.75
40.77048567468106 3.39739656058438 1.0524090570295743 2.5 0.75
40.82128513618582 3.486452431361921 1.0524090699763988 2.5 0.75
40.87208459535856 3.575508300730209 1.0524090770730965 2.5 0.75
40.922884054500415 3.6645641715128248 1.0731431403665632 2.5 0.75
40.96521691518043 3.742488047775471 1.0524090981899088 2.5 0.75
41.016016372029235 3.831543918907708 1.1015313142036725 2.5 0.75
41.0668157653871 3.9317317392442943 0.9930783939233164 2.5 0.75
41.11761528100268 4.00965566259889 0.9205684399981773 2.5 0.75
41.17688145101304 4.087579632691455 0.9836065606234555 2.5 0.75
41.236147559593896 4.17663555127424 0.7784046401745327 2.5 0.75
41.30388044738777 4.24342762032006 0.9205684762373192 2.5 0.75
41.37161320951887 4.332483588111236 0.9836066088435367 2.5 0.75
41.43087931378506 4.421539509521213 0.8552515080326383 2.5 0.75
41.4986121346224 4.499463529181007 0.855251504684838 2.5 0.75
41.566344955307606 4.577387548138903 0.8450283670795491 2.5 0.75
41.62561117927672 4.6441795732772135 0.9205685402946299 2.5 0.75
41.69334393402614 4.733235543202234 0.8552515645210174 2.5 0.75
41.761076749289 4.811159565339034 0.8552515655920877 2.5 0.75
41.82880956441244 4.889083587483992 0.855251591799931 2.5 0.75
41.89654237686881 4.967007610685222 0.8552516092247394 2.5 0.75
41.96427518785917 5.044931634942209 0.9205685985728634 2.5 0.75
42.02354134214546 5.122855610005505 0.8552516296532985 2.5 0.75
42.091274151568626 5.200779635674571 0.8552516432284903 2.5 0.75
42.159006958536445 5.278703660655331 1.1270616713224288 2.5 0.75
42.201339734363756 5.3677594924909435 1.052409357876317 2.5 0.75
42.25213916540584 5.456815372116621 1.1710165400024932 2.5 0.75
42.29447187607839 5.557003153851655 1.27546988006024 2.5 0.75
42.32833786649393 5.668322836274877 1.2448283813279688 2.5 0.75
42.362203920247 5.76851057021582 1.4948908922511754 2.5 0.75
42.370669943778545 5.879830108196102 1.4198447118045463 2.5 0.75
42.38760262263655 5.991149695730753 1.4198447126458373 2.5 0.75
42.404535301132555 6.1024692815154635 1.4198447206303373 2.5 0.75
42.421467978930366 6.213788868688672 1.4198447240453378 2.5 0.75
42.43840065634185 6.325108455879125 1.5708020066648223 2.5 0.75
42.43840002406162 6.436427946405666 1.4333875993206584 2.5 0.75
42.45533263735396 6.558879482773865 1.4864942775624628 2.5 0.75
42.46379872174229 6.659067073311985 1.5708020105779141 2.5 0.75
42.46379808902646 6.770386564183153 1.570802009087365 2.5 0.75
42.46379745647656 6.881706054018719 1.6551097387855183 2.5 0.75
42.45533023368969 6.981893548254329 1.6551097491838216 2.5 0.75
42.44686300991365 7.082081041779452 1.5708020071781814 2.5 0.75
42.446862377576274 7.1934005326713395 1.5708020078434781 2.5 0.75
42.446861808405984 7.293588074002584 1.7382357394115897 2.5 0.75
42.429927932115596 7.393775520775147 1.7951332774672188 2.5 0.75
42.40452734064004 7.5050948661658925 1.6398350729601183 2.5 0.75
42.396059993022924 7.6275462580809945 1.721759252317783 2.5 0.75
42.379126055296986 7.738865652678863 1.819094724925775 2.5 0.75
42.345258685823396 7.872448849691656 1.775330340203325 2.5 0.75
42.31985803393092 7.994900146001504 1.8406288699911357 2.5 0.75
42.28599072972296 8.117351393828132 1.934199029456855 2.5 0.75
42.24365683771448 8.228670644324238 1.8406288497068675 2.5 0.75
42.20978953569702 8.351121893898435 1.9640506668517965 2.5 0.75
42.15898893161827 8.47357304649115 1.903654039592213 2.5 0.75
42.11665498057453 8.596024247912823 2.021568276693016 2.5 0.75
42.05738772704208 8.718475353758429 2.021568261920325 2.5 0.75
41.99812047540444 8.840926460302123 2.0600327978161896 2.5 0.75
41.93885328822963 8.952245618721248 2.02156823479105 2.5 0.75
41.87958604050849 9.074696725644559 2.2210350033561106 2.5 0.75
41.794918903260694 9.186015741749284 1.9989184265338973 2.5 0.75
41.7441183723665 9.297334950043544 2.1174171605607546 2.5 0.75
41.67638454207274 9.408654062098766 2.11741714380363 2.5 0.75
41.60865071370168 9.51997317519482 2.0600327085076144 2.5 0.75
41.54938353777178 9.631292336459342 1.998918374774605 2.5 0.75
41.49858301366787 9.7426115451293 2.0215681353516812 2.5 0.75
41.4393157795862 9.865062654923404 2.0600326651458607 2.5 0.75
41.380048608742335 9.976381818271319 2.1174170716757303 2.5 0.75
41.31231479006156 10.08770093352293 1.964050463668427 2.5 0.75
41.26151421236632 10.21015209281347 2.1652821872554124 2.5 0.75
41.19378045767955 10.310339260980482 1.9036538345433298 2.5 0.75
41.15144653279419 10.43279046804586 2.021568051418856 2.5 0.75
41.09217930970344 10.555241581340798 1.9640504125353104 2.5 0.75
41.04137873889606 10.677692741718676 2.0215680240387144 2.5 0.75
40.982111519594895 10.800143855733772 2.0215680059698675 2.5 0.75
40.92284430202352 10.922594971817187 2.1174169532128517 2.5 0.75
40.85511049862709 11.033914091646102 2.1274472386317527 2.5 0.75
40.77890998658759 11.156365115331422 1.9883767300774728 2.5 0.75
40.719642714805495 11.289948180336772 1.9595040889736137 2.5 0.75
40.660375384233355 11.434663196215292 2.04007185885338 2.5 0.75
40.59264146850845 11.568246216578604 1.7847812545674748 2.5 0.75
40.55877402746287 11.724093320118124 1.934198639921337 2.5 0.75
40.50797341172516 11.857676433567697 1.8553891744884914 2.5 0.75
40.465639386347135 12.002391542578836 1.7445486113083801 2.5 0.75
40.44023865895459 12.147106742979217 1.8006868063730306 2.5 0.75
40.40637128387777 12.291821897313298 1.8006867883533801 2.5 0.75
40.37250391138117 12.43653705237511 1.800686787334269 2.5 0.75
40.338636539036955 12.58125220745052 1.6292406341167445 2.5 0.75
40.33016911099848 12.72596749956438 1.7323609414565075 2.5 0.75
40.3047683273746 12.881814649849149 1.6340980384707986 2.5 0.75
40.296300960171784 13.015397993414112 1.732360923707918 2.5 0.75
40.27090017955459 13.171245142673405 1.8006867522342773 2.5 0.75
40.237032812332714 13.315960298754485 1.8553890855853172 2.5 0.75
40.19469880059835 13.460675408869621 1.855389074816039 2.5 0.75
40.15236479036255 13.6053905196455 1.9083966037042046 2.5 0.75
40.10156413491311 13.750105585112578 1.836034728036502 2.5 0.75
40.05923006860276 13.905952645138852 2.0085593910452424 2.5 0.75
39.9914961263714 14.050667619632524 1.908396563566322 2.5 0.75
39.940695476962134 14.195382686478846 1.836034691489117 2.5 0.75
39.89836141648367 14.351229747551345 1.8553890026992967 2.5 0.75
39.8560274173385 14.495944859143687 1.7323608330491136 2.5 0.75
39.830626650772906 14.651792011180156 1.7323608271458937 2.5 0.75
39.80522588526721 14.807639162508195 1.6872830007817352 2.5 0.75
39.78829182438096 14.95235441065848 1.6250748422297354 2.5 0.75
39.77982435029566 15.108201652987555 1.5165284614833034 2.5 0.75
39.78829016457671 15.2640489852769 1.6250748397433508 2.5 0.75
39.77982269093584 15.419896226579136 1.5708016499830009 2.5 0.75
39.77982186133141 15.575743513582287 1.744548446662737 2.5 0.75
39.75442115801189 15.7204587167616 1.6790301631293687 2.5 0.75
39.737487041109375 15.876305913096582 1.7445484268353864 2.5 0.75
39.71208634063739 16.02102111690359 1.744548418166682 2.5 0.75
39.686685641670266 16.165736319504386 1.8006865847974136 2.5 0.75
39.65281829949602 16.31045147776518 1.7847809901438862 2.5 0.75
39.61895090061858 16.466298585849387 1.8859008547229068 2.5 0.75
39.568150215997385 16.622145603338573 1.9083963919780504 2.5 0.75
39.51734959359519 16.766860672703896 1.8859008275763338 2.5 0.75
39.466548913287234 16.92270769131898 1.9341982547147363 2.5 0.75
39.4157483537384 17.056290811894794 1.908396360518407 2.5 0.75
39.36494773628708 17.20100588172398 1.9595036307618372 2.5 0.75
39.305680478565165 17.34572090879028 1.8553888149589903 2.5 0.75
39.26334650796354 17.490436023631194 2.0400713445603706 2.5 0.75
39.19561267198256 17.624019057050624 1.9595035881036922 2.5 0.75
39.13634542125914 17.76873408463018 1.9883761814536078 2.5 0.75
39.077078231089295 17.90231716338626 1.9595035610633948 2.5 0.75
39.017810984925035 18.047032190991015 1.8553887518143746 2.5 0.75
38.97547702355889 18.191747308171802 1.7847808539740664 2.5 0.75
38.9416096463468 18.34759441882606 1.7847808384519852 2.5 0.75
38.90774227153619 18.503441530086935 1.7445482637090368 2.5 0.75
38.88234159495908 18.648156736396604 1.6214628895495284 2.5 0.75
38.87387408641094 18.81513592738847 1.570801531134433 2.5 0.75
38.8738732173943 18.9821151644712 1.6340978023372046 2.5 0.75
38.865405881807746 19.115698508887835 1.51236266262676 2.5 0.75
38.873871769582465 19.26041389049526 1.570801528548553 2.5 0.75
38.87387101680893 19.405129228327688 1.5075052709480967 2.5 0.75
38.88233696056473 19.538712662028942 1.4092424578641585 2.5 0.75
38.90773606887346 19.694560081437245 1.5708015331091547 2.5 0.75
38.90773525748351 19.850407368469035 1.6250746980470037 2.5 0.75
38.89926780590251 20.00625461139648 1.5708015309317467 2.5 0.75
38.89926705278409 20.150969948953286 1.6292403833330809 2.5 0.75
38.89079966104137 20.29568524313046 1.5708015317560131 2.5 0.75
38.8907988498623 20.451532530444762 1.8553886476655097 2.5 0.75
38.84846490473061 20.596247648060523 1.6790299726125333 2.5 0.75
38.83153081760944 20.75209484679506 1.687282777819842 2.5 0.75
38.814596789214974 20.896810096791366 1.6872827732263795 2.5 0.75
38.797662761493214 21.041525346797414 1.629240364325889 2.5 0.75
38.78919537247714 21.1862406415455 1.5708015192248634 2.5 0.75
38.78919462105288 21.330955979934295 1.5123626749557648 2.5 0.75
38.79766050703046 21.47567136142484 1.3970548707932413 2.5 0.75
38.82305966658463 21.620386832386934 1.4625730900024758 2.5 0.75
38.83999213139799 21.77623420655684 1.3829018232510348 2.5 0.75
38.86539134752081 21.90981772754312 1.2074050950881163 2.5 0.75
38.91619047411669 22.043401380659887 1.356822331885822 2.5 0.75
38.950056209163016 22.19924884460034 1.2332070028733404 2.5 0.75
39.00085527291769 22.343964447592032 1.322509285148981 2.5 0.75
39.03472112130251 22.477548013231278 1.1820997646937927 2.5 0.75
39.09398681816431 22.62226366143128 1.397054932818868 2.5 0.75
39.1193859685072 22.76697913262859 1.409242566052954 2.5 0.75
39.144785059552675 22.922826552316202 1.3970549444671505 2.5 0.75
39.1701842081194 23.067542023293857 1.5708015681079874 2.5 0.75
39.17018344962101 23.212257361150183 1.5708015702537568 2.5 0.75
39.170182690812084 23.35697269953074 1.6292403954547612 2.5 0.75
39.16171529731433 23.501687993619647 1.570801567009494 2.5 0.75
39.1617144806411 23.65753528067629 1.4543203611527804 2.5 0.75
39.17864699154622 23.802250707424307 1.3055688732277688 2.5 0.75
39.22097934771068 23.958098216246604 1.5123627574465 2.5 0.75
39.22944522179467 24.102813599189147 1.3225093719287901 2.5 0.75
39.263311058110666 24.23639716588784 1.2332071210517717 2.5 0.75
39.31411010331421 24.381112770755383 1.1532273082967905 2.5 0.75
39.37337583715382 24.514696471899512 1.2557026890511513 2.5 0.75
39.42417481946286 24.6705440269422 1.2862146390933047 2.5 0.75
39.46650722385875 24.815259588016986 1.2074053088412386 2.5 0.75
39.5173063195673 24.948843245856192 1.2862146575239992 2.5 0.75
39.55963872117757 25.093558807306426 1.153227369831191 2.5 0.75
39.61890444609844 25.227142510522476 1.1775537397776497 2.5 0.75
39.669703594520904 25.349594220444228 1.3829020251274493 2.5 0.75
39.69510278333523 25.48317774476387 1.3409169652763255 2.5 0.75
39.72896854616417 25.627893261552178 1.2639092792862996 2.5 0.75
39.77130099865765 25.761476875664837 1.3970550984682424 2.5 0.75
39.79670012480217 25.90619234977987 1.516528531915804 2.5 0.75
39.805165928049014 26.06203968160723 1.4543204846612425 2.5 0.75
39.822098421085634 26.20675511048996 1.4092427340439198 2.5 0.75
39.847497485772614 26.36260253335505 1.6292404676463244 2.5 0.75
39.839030081935924 26.507317824981975 1.409242736240296 2.5 0.75
39.86442914631442 26.663165248110353 1.3970551288835722 2.5 0.75
39.88982826789359 26.807880722064738 1.5708016633576736 2.5 0.75
39.88982743620476 26.963728008896396 1.5165285650473224 2.5 0.75
39.898293234301484 27.11957534124979 1.6250747672313692 2.5 0.75
39.889825771968106 27.275422583042708 1.5708016643587945 2.5 0.75
39.88982499954074 27.42013792092213 1.7323605634020571 2.5 0.75
39.864424276126144 27.57598507289142 1.7847807123335457 2.5 0.75
39.83055692314578 27.731832178414713 1.7847807047508235 2.5 0.75
39.79668957102499 27.887679285677322 1.80068624378863 2.5 0.75
39.76282228099304 28.032394443551997 1.9083959476250205 2.5 0.75
39.7120217313937 28.177109511281788 1.9595031618275756 2.5 0.75
39.65275455443315 28.321824534643234 1.9341977733123967 2.5 0.75
39.6019540688164 28.455407654365395 2.1426358881942744 2.5 0.75
39.50882037840264 28.600122498600026 2.1357100910728883 2.5 0.75
39.424153379701394 28.73370544176208 2.3029841451710764 2.5 0.75
39.314086556722344 28.85615630084278 2.4031495774482097 2.5 0.75
39.204019852375666 28.95634326393548 2.4736731999582857 2.5 0.75
39.0770198944094 29.056530140716045 2.612760074107812 2.5 0.75
38.924620110584485 29.1455849375234 2.6835247708091137 2.5 0.75
38.78915370485291 29.212375927436238 2.728543227722001 2.5 0.75
38.63675404289071 29.279166832320016 2.7914261223772274 2.5 0.75
38.48435444218869 29.334825791899934 2.8715583107614804 2.5 0.75
38.323488271663166 29.379352761192788 3.004071099141512 2.5 0.75
38.16262221693019 29.401615836113837 2.946876251505563 2.5 0.75
37.99328947759277 29.435010819643576 2.88445851997909 2.5 0.75
37.82395668446774 29.479537757209158 2.772603254741017 2.5 0.75
37.68002372156167 29.53519677545212 2.7914259903061227 2.5 0.75
37.52762413198541 29.590855753780993 2.4736729378322995 2.5 0.75
37.400624207153115 29.691042658430106 2.497254786262206 2.5 0.75
37.28209096870884 29.780097659147273 2.310580199828463 2.5 0.75
37.18049087887508 29.89141664294757 2.31058017493839 2.5 0.75
37.0788907915739 30.00273562953763 2.2210330061921404 2.5 0.75
36.985757280724144 30.12518660760423 2.310580137161112 2.5 0.75
36.88415720006579 30.2365055953618 2.319723657139387 2.5 0.75
36.79102380322717 30.33669267886243 2.330938420311458 2.5 0.75
36.706357092021115 30.425747855331885 2.2965730510552445 2.5 0.75
36.64709037335964 30.492539258802626 2.453733180380968 2.5 0.75
36.5793570834817 30.548198672246382 2.6284585492116577 2.5 0.75
36.52009053011012 30.581594229155378 2.473672741025811 2.5 0.75
36.47775723196586 30.614989869560944 2.6574285631914076 2.5 0.75
36.43542398768285 30.637253561161234 2.421898525049309 2.5 0.75
36.410023997379795 30.659517335477048 2.221032886704344 2.5 0.75
36.393090634353726 30.68178115179591 2.5600365920822883 2.5 0.75
36.376157327363046 30.69291301830906 2.728542882481797 2.5 0.75
36.35075739163554 30.704044842766407 2.221032840996063 2.5 0.75
36.33382403033081 30.726308658934048 2.7285428346270835 2.5 0.75
36.308424094193484 30.737440485019977 2.421898476963961 2.5 0.75
36.28302410567656 30.75970425992994 2.221032879095046 2.5 0.75
36.26609074370607 30.781968075212525 2.7285428210056537 2.5 0.75
36.240690809699586 30.793099900777026 2.4218984614453998 2.5 0.75
36.21529082116331 30.815363676400967 2.560036603984442 2.5 0.75
36.1814242056388 30.83762740986444 2.657428502970833 2.5 0.75
36.13909096401938 30.85989110331835 2.3631965843186675 2.5 0.75
36.10522429482543 30.893286787485522 2.7285427988767066 2.5 0.75
36.05442442761773 30.91555043960167 2.421898439357116 2.5 0.75
36.00362445192858 30.96007799162114 2.4972545270933795 2.5 0.75
35.94435785065899 31.00460550252209 2.453733052225309 2.5 0.75
35.876624570481 31.060264922536934 2.363196530150797 2.5 0.75
35.80889123827213 31.12705629201478 2.28634972297003 2.5 0.75
35.74115785313248 31.204979610959423 2.3631965024141293 2.5 0.75
35.673424523528965 31.271770981573653 2.221032743359052 2.5 0.75
35.61415776743249 31.34969434281384 2.2210327248976003 2.5 0.75
35.546424334239376 31.43874961313059 2.3976455901503733 2.5 0.75
35.46175770190867 31.51667285379034 2.2785610281034105 2.5 0.75
35.38555764670766 31.605728085260736 1.9989164398811847 2.5 0.75
35.33475736393856 31.717047335372893 2.165280049907213 2.5 0.75
35.26702388472035 31.81723455758946 2.104987389401744 2.5 0.75
35.20775703279744 31.91742181909768 2.1049873727785133 2.5 0.75
35.14849018221068 32.017609082147736 2.0600305977634066 2.5 0.75
35.089223280782015 32.1289282942528 2.0400699932728497 2.5 0.75
35.038423059547135 32.229115597791825 2.0600305710520717 2.5 0.75
34.97915616151807 32.34043481067963 2.06003055264272 2.5 0.75
34.91988926570727 32.45175402434117 2.060030544069371 2.5 0.75
34.86062237079618 32.563073238613505 1.998916320506011 2.5 0.75
34.809822102547585 32.674392492090796 1.9989162976585624 2.5 0.75
34.75902183669956 32.785711747041645 1.9989162970428853 2.5 0.75
34.70822157111629 32.897031001593795 1.9341969062283533 2.5 0.75
34.6574212055196 33.03061415434038 1.9341968993117482 2.5 0.75
34.61508756833223 33.141933448483684 1.9989162584780165 2.5 0.75
34.56428730696105 33.253252705172265 1.8661320297740684 2.5 0.75
34.53042029672743 33.36457203933407 1.903651996004486 2.5 0.75
34.48808661128176 33.48702328284463 1.7753286091516134 2.5 0.75
34.46268617496602 33.60947460573457 1.7753285974151753 2.5 0.75
34.43728574009827 33.731925928870304 1.639833765185684 2.5 0.75
34.42881855277539 33.854377329610905 1.6398337726682912 2.5 0.75
34.42035136453156 33.97682873035602 1.501768098257709 2.5 0.75
34.42881742410574 34.09928020923396 1.5017681087168504 2.5 0.75
34.437283482381 34.221731687937535 1.4333870350115216 2.5 0.75
34.45421616366651 34.344183206742514 1.275469900765753 2.5 0.75
34.488082140645645 34.455502853277075 1.237949934771174 2.5 0.75
34.530414689666024 34.577954488303426 1.366273315271548 2.5 0.75
34.555813990551265 34.700406045689746 1.2379499676508448 2.5 0.75
34.59814653557304 34.822857682187724 1.1200360194676358 2.5 0.75
34.65741232395986 34.94530939644388 1.0815715633028926 2.5 0.75
34.71667816182449 35.05662916226182 1.081571573011243 2.5 0.75
34.775943998335144 35.1679489281419 1.0815715946826336 2.5 0.75
34.83520983264822 35.279268695709945 1.1200360825767723 2.5 0.75
34.89447561238128 35.4017204117932 0.9205696246733063 2.5 0.75
34.97067473849633 35.501908310256425 0.976322234264205 2.5 0.75
35.03840724196616 35.602096168681854 0.9205696552789796 2.5 0.75
35.123072932825444 35.71341605659126 1.0815716718451422 2.5 0.75
35.18233875760035 35.824735826950906 0.9205696941703515 2.5 0.75
35.25853787434829 35.924923727548475 0.9763223075583907 2.5 0.75
35.3262703696993 36.025111589791 0.8691718749246686 2.5 0.75
35.410936104264785 36.12529953172357 1.0366149829523352 2.5 0.75
35.47020197422532 36.225487355258835 1.024187426682424 2.5 0.75
35.5379344102569 36.33680716745193 0.9705452074021399 2.5 0.75
35.61413346542512 36.448127021413065 0.9205697871739484 2.5 0.75
35.68186600337033 36.53718293673473 0.9763223965208112 2.5 0.75
35.74959848799695 36.63737080232348 0.7439569652330937 2.5 0.75
35.834264316495755 36.715294851650874 0.9705452686261075 2.5 0.75
35.91046336326531 36.826614707964275 0.9705452927779636 2.5 0.75
35.98666240659554 36.937934565021266 0.9205698648400436 2.5 0.75
36.05439493682307 37.02699048455021 0.5454333184476065 2.5 0.75
36.16446067043669 37.093782711049776 0.9205699016518514 2.5 0.75
36.23219319638067 37.18283863175037 1.036615151087457 2.5 0.75
36.291459046969464 37.28302646097906 0.7439570729992724 2.5 0.75
36.3761248637644 37.36095051638755 0.8630416265497222 2.5 0.75
36.452324003249736 37.45000648064111 1.1775538827307717 2.5 0.75
36.50312312184404 37.57245816811933 1.101532537837212 2.5 0.75
36.55392234576559 37.67264595823029 1.1200364298166237 2.5 0.75
36.613188079856705 37.79509768844282 1.2639093341947434 2.5 0.75
36.65552051878881 37.92868128523162 0.9836080450414818 2.5 0.75
36.71478641291801 38.01773716818895 1.3225094793396057 2.5 0.75
36.74865223109289 38.15132072356454 1.3829019486967329 2.5 0.75
36.774051428569734 38.284904237804746 1.3009754106232543 2.5 0.75
36.8079172994819 38.40735584486896 1.5165282319474112 2.5 0.75
36.816383149416396 38.56320317302247 1.4447121974352732 2.5 0.75
36.83331572735396 38.69678664528371 1.3829019721938511 2.5 0.75
36.85871492160656 38.83037015967149 1.3829019683053674 2.5 0.75
36.88411411637401 38.96395367393635 1.6250742869698576 2.5 0.75
36.875646728905195 39.119800919480504 1.3009754562376274 2.5 0.75
36.909512593849314 39.24225252670647 1.2754704065473554 2.5 0.75
36.94337851301213 39.353572185396835 1.5708012685688388 2.5 0.75
36.94337785287322 39.487155573989945 1.382902006245479 2.5 0.75
36.96877704248125 39.62073908873859 1.570801273151139 2.5 0.75
36.968776491855394 39.73205857909363 1.4864939141532714 2.5 0.75
36.97724261235287 39.83224616300552 1.6655875187576656 2.5 0.75
36.96877555550767 39.92130171327837 1.885899572317381 2.5 0.75
36.94337532061918 39.99922523161059 1.9705850650929648 2.5 0.75
36.9010417427379 40.09941256429841 1.9640484535794283 2.5 0.75
36.85024144107353 40.22186375364695 2.0600303676917258 2.5 0.75
36.79097458004949 40.33318295160196 2.2863492355763775 2.5 0.75
36.723241268949465 40.411106262074114 2.2210322980627093 2.5 0.75
36.65550790323081 40.500161522564724 2.345013337392711 2.5 0.75
36.57930797984191 40.578084792748086 2.378574579240469 2.5 0.75
36.48617477095698 40.66713992935547 2.44487911142065 2.5 0.75
36.393041618068764 40.74506311910384 2.4972539366913513 2.5 0.75
36.2745085685738 40.834118135406946 2.673404867992178 2.5 0.75
36.16444229704554 40.889777347108165 2.59616877284522 2.5 0.75
36.054375974752354 40.95656850954408 2.5961687582312427 2.5 0.75
35.944309652798886 41.02335967397466 2.782249506861382 2.5 0.75
35.825776825358844 41.067886900572184 2.804375103967049 2.5 0.75
35.698777384527304 41.11241408949543 2.804375090565464 2.5 0.75
35.5717779451854 41.15694127980761 3.0040705145000084 2.5 0.75
35.41091215175899 41.179204414415274 2.8844577974985324 2.5 0.75
35.28391276814817 41.212599660143674 2.8998910446392943 2.5 0.75
35.14844676973755 41.245994869166104 2.8998910285545865 2.5 0.75
35.012980771961836 41.27939008034337 2.8844577353350997 2.5 0.75
34.88598139189069 41.312785333581594 2.8998909924149885 2.5 0.75
34.75051539675091 41.346180549302254 2.9881306090114887 2.5 0.75
34.606582840418426 41.36844377949564 2.8573311298758943 2.5 0.75
34.45418356746222 41.41297087142184 3.0725071241096 2.5 0.75
34.29331783448161 41.42410208044739 2.936903985711432 2.5 0.75
34.132451999728296 41.45749719180487 2.925872891837761 2.5 0.75
33.98005278140657 41.49089234372124 3.0040702975108755 2.5 0.75
33.819187000400646 41.51315551218466 2.871557268407171 2.5 0.75
33.6583211201682 41.55768258165194 3.004070249784709 2.5 0.75
33.497455342167264 41.57994575752404 3.0040702368970646 2.5 0.75
33.33658956470868 41.602208935433964 2.824021151109368 2.5 0.75
33.20112353238388 41.646736129152075 2.9369038391116233 2.5 0.75
33.04025770751247 41.68013126305734 2.9136067883793513 2.5 0.75
32.89632511371106 41.71352647540582 2.884457440975955 2.5 0.75
32.7693257498513 41.7469217643495 2.9369037754216305 2.5 0.75
32.60845992949574 41.78031690800438 2.913606731749155 2.5 0.75
32.46452733925448 41.813712128116556 2.8573308244026485 2.5 0.75
32.31212808688421 41.85823926455608 2.841569868714603 2.5 0.75
32.16819545174134 41.90276643943063 2.9468751298528537 2.5 0.75
31.99886302383539 41.93616155886077 2.913606639410621 2.5 0.75
31.854930439048513 41.969556791713416 2.996533607607368 2.5 0.75
31.702531288134427 41.99182004202841 2.8715569684313347 2.5 0.75
31.541665430769303 42.03634715711915 3.0725067278350457 2.5 0.75
31.3807997153945 42.04747842897867 2.8573306746673657 2.5 0.75
31.228400475829645 42.09200558644434 2.9965335227664727 2.5 0.75
31.076001329634728 42.11426884927554 2.936903542429635 2.5 0.75
30.915135524369823 42.14766402889337 2.996533476759606 2.5 0.75
30.762736380947974 42.1699272984805 3.0725066226088145 2.5 0.75
30.601870669671587 42.18105858706477 3.010866083024172 2.5 0.75
30.432538298945264 42.203321793782756 3.068681477554759 2.5 0.75
30.280139203635834 42.21445312290463 2.9468748640308577 2.5 0.75
30.110806789366585 42.24784828640839 2.925872328860028 2.5 0.75
29.95840760611102 42.28124352055789 2.8512233272738756 2.5 0.75
29.77214187962571 42.33690252215161 2.8715566978826725 2.5 0.75
29.611276041088374 42.38142967888743 2.8715566747289936 2.5 0.75
29.450410204431968 42.425956839112615 2.871556646709776 2.5 0.75
29.289544369529985 42.470484003704854 2.7285413043368334 2.5 0.75
29.13714506312072 42.5372751021873 2.7914242835914407 2.5 0.75
28.98474580345003 42.59293425482455 2.645387345294872 2.5 0.75
28.840813073073647 42.670857341645885 2.612757911091935 2.5 0.75
28.688413689391535 42.759912346833914 2.587517219344061 2.5 0.75
28.544480922985063 42.84896738844483 2.45373128292712 2.5 0.75
28.409014688061802 42.96028636258008 2.473670843908876 2.5 0.75
28.2820151125874 43.060473423050425 2.8043740168250904 2.5 0.75
28.155015750727635 43.10500073932389 2.645387205586286 2.5 0.75
28.011083038894522 43.182923842108615 2.619591228603299 2.5 0.75
27.875616942635084 43.26084697903582 2.7517488219555446 2.5 0.75
27.740150931353856 43.31650622032646 2.824020334628778 2.5 0.75
27.57081847286484 43.37216533874242 2.7914240383229094 2.5 0.75
27.418419242095023 43.42782452318902 2.871556340197508 2.5 0.75
27.25755344080874 43.47235173156164 2.857330073392771 2.5 0.75
27.105154253597867 43.516878973186984 2.7071207932991936 2.5 0.75
26.961221601150864 43.58367014677459 2.7914239474115328 2.5 0.75
26.808822379096874 43.63932934374085 2.72854091129724 2.5 0.75
26.631023242622117 43.717252351461575 2.61959101291203 2.5 0.75
26.495557170229574 43.795175513546816 2.533510282460402 2.5 0.75
26.351624410852402 43.895362546484506 2.5600344584350196 2.5 0.75
26.216158305405536 43.98441766213685 2.560034426625119 2.5 0.75
26.08069220457397 44.073472780926565 2.5047984254585276 2.5 0.75
25.94522606707337 44.17365985061414 2.4972523229707138 2.5 0.75
25.826693194830074 44.262715032996155 2.3875690088021453 2.5 0.75
25.708160249448603 44.374034114512845 2.421896151311525 2.5 0.75
25.58116069638289 44.48535316991922 2.2210305376479416 2.5 0.75
25.49649420308243 44.5966723710723 2.22103051717623 2.5 0.75
25.39489441425306 44.73025541401459 2.350535657369644 2.5 0.75
25.284828092787823 44.84157453204385 2.05545905457082 2.5 0.75
25.208628106649726 44.98628961203202 2.267477711054589 2.5 0.75
25.115495013177117 45.09760878974971 2.0255577379485614 2.5 0.75
25.039294995011176 45.25345582034504 2.350535569365145 2.5 0.75
24.929228687723796 45.364774943629484 2.2599741702862772 2.5 0.75
24.819162308472656 45.49835796620889 2.221030368370652 2.5 0.75
24.717562544017444 45.631941018358134 2.3105774617392547 2.5 0.75
24.615962856518728 45.743260173484295 2.267477574285766 2.5 0.75
24.522829782938764 45.85457935836058 2.2674775660437745 2.5 0.75
24.429696710348136 45.9658985439186 2.3875687089422626 2.5 0.75
24.311163812284157 46.07721764788941 2.4613238669868958 2.5 0.75
24.20109760027287 46.16627288338504 2.4613238514067732 2.5 0.75
24.091031389910352 46.255328120384114 2.5047980157941616 2.5 0.75
23.95556531940153 46.35551522637637 2.5300449297330942 2.5 0.75
23.828565896080733 46.44457041307439 2.690504110661952 2.5 0.75
23.667700077031864 46.52249354530811 2.4736699862262754 2.5 0.75
23.54070062442347 46.62268068556473 2.473669953610802 2.5 0.75
23.41370117689936 46.7228678285304 2.6905040434141707 2.5 0.75
23.252835366570203 46.8007909698965 2.591253520924678 2.5 0.75
23.125835994771904 46.878714218582 2.765890038673606 2.5 0.75
22.95650361588276 46.94550539084979 2.7480532876571946 2.5 0.75
22.795637850388836 47.01229659279649 3.0108649541042216 2.5 0.75
22.626305612211247 47.03455997655446 3.079067469686581 2.5 0.75
22.44850680067701 47.045691389435454 3.072505465351268 2.5 0.75
22.287641206971806 47.05682285693855 3.2605590616215414 2.5 0.75
22.101375887039246 47.03455840533874 3.272326340410202 2.5 0.75
21.932043783518075 47.012294007910526 3.5760712328041837 2.5 0.75
21.788111633951868 46.945501892363076 3.459171718540475 2.5 0.75
21.618779622790882 46.88984165525026 3.637804952072292 2.5 0.75
21.474847500195708 46.811917596465584 3.4591716734461975 2.5 0.75
21.305515484883664 46.75625736644923 3.5926872252191333 2.5 0.75
21.144650138455766 46.678333265781966 3.411635551074026 2.5 0.75
20.9837846950017 46.63380501615256 3.4917678837098074 2.5 0.75
20.83138588986459 46.57814484459169 3.279122416136491 2.5 0.75
20.67052038051632 46.555880499457864 3.2012883205110336 2.5 0.75
20.48425501207682 46.54474803714247 3.279122366333134 2.5 0.75
20.323389502483202 46.522483700139794 3.21068553973462 2.5 0.75
20.162523960245274 46.51135131521203 3.2012882517181764 2.5 0.75
19.97625858977502 46.500218865634764 3.272326046714416 2.5 0.75
19.806926467809472 46.47795451637331 3.4747036287690336 2.5 0.75
19.64606104099001 46.422294346488066 3.4917676974306175 2.5 0.75
19.493662221975363 46.36663420203427 3.5351376464802424 2.5 0.75
19.332796819484336 46.29984208957628 3.723157089516026 2.5 0.75
19.19733129875983 46.210786147542684 3.647200075950649 2.5 0.75
19.03646594738551 46.121730143672735 3.6472000499953032 2.5 0.75
18.875600591494564 46.03267414275732 3.6142525147739217 2.5 0.75
18.723201814248597 45.95475011573769 3.6704339328665574 2.5 0.75
18.570803060751693 45.86569414242852 3.5926868081854177 2.5 0.75
18.40993766656873 45.787770101456424 3.6142524402496248 2.5 0.75
18.257538879697655 45.70984608384206 3.5546505022084416 2.5 0.75
18.105140061448488 45.64305401855389 3.67043383457341 2.5 0.75
17.952741295257553 45.55399805792183 3.6378043832679854 2.5 0.75
17.808809107539066 45.4760740697455 3.554650434015106 2.5 0.75
17.6564102818154 45.409282013570284 3.5351373545357165 2.5 0.75
17.49554484213307 45.34248994073039 3.411635016098895 2.5 0.75
17.3346793480246 45.297961769732545 3.5351373069851384 2.5 0.75
17.173813903254885 45.23116970374828 3.6471997504314335 2.5 0.75
17.012948506034018 45.14211374291091 3.4917672910964703 2.5 0.75
16.860549641598666 45.0864536520533 3.5546502832680082 2.5 0.75
16.708150797855197 45.01966161536703 3.491767242823083 2.5 0.75
16.555751928137084 44.96400153091815 3.55465023930305 2.5 0.75
16.403353079812398 44.89720950021126 3.517300444111232 2.5 0.75
16.234021007242326 44.83041743601836 3.5105899572508674 2.5 0.75
16.09008874109051 44.774757379311815 3.592686422692738 2.5 0.75
15.92922329750576 44.6968333909728 3.5351370896565797 2.5 0.75
15.768357827053782 44.630041355312834 3.592686372772049 2.5 0.75
15.607492377172573 44.55211737383864 3.5351370399937365 2.5 0.75
15.446626900791644 44.485325345083254 3.3462880360358116 2.5 0.75
15.285761353177115 44.451929166640525 3.459170751497036 2.5 0.75
15.11642923829619 44.39626907687875 3.3462879848733444 2.5 0.75
14.955563687323277 44.36287290632381 3.357319052052592 2.5 0.75
14.803164746148068 44.32947675514272 3.3272607491186346 2.5 0.75
14.6253659688221 44.29608055822462 3.279121544619682 2.5 0.75
14.464500392017547 44.27381634663719 3.2106847352384387 2.5 0.75
14.303634792717196 44.26268408779607 3.286657901552298 2.5 0.75
14.151235826657791 44.24041989913851 3.2723252236133487 2.5 0.75
13.981903636215302 44.21815568266051 3.2723252035995967 2.5 0.75
13.812571443315633 44.19589146930699 3.2723251816897347 2.5 0.75
13.643239250694977 44.173627259764345 3.357318865056713 2.5 0.75
13.490840299467378 44.14023113624688 3.346287765397519 2.5 0.75
13.32997473577904 44.106834999879936 3.411634418077297 2.5 0.75
13.169109191473114 44.06230691855926 3.4917667254140574 2.5 0.75
13.016710274669329 44.00664690628418 3.5351366672545845 2.5 0.75
12.85584476334529 43.93985493331806 3.5105894642354913 2.5 0.75
12.711912454710728 43.88419494175565 3.3462876535900317 2.5 0.75
12.55104688177956 43.85079882223102 3.4116343035051684 2.5 0.75
12.390181326243091 43.80627075764456 3.210684453823488 2.5 0.75
12.229315714003311 43.795138543394785 3.2866576142758075 2.5 0.75
12.07691673198273 43.772874397120475 3.1415942592651978 2.5 0.75
11.91605110081176 43.77287413882249 3.0725040852684686 2.5 0.75
11.755185452110263 43.78400583320215 3.0759483952847697 2.5 0.75
11.585853191019446 43.795137517919464 3.207240013598295 2.5 0.75
11.416520965633824 43.78400530806113 3.1415941703175267 2.5 0.75
11.24718872306222 43.784005051230224 3.336316012496391 2.5 0.75
11.077856528880172 43.75060895138025 3.3363159940981704 2.5 0.75
10.908524334101777 43.717212854649254 3.336315966741697 2.5 0.75
10.739192138065766 43.68381676248274 3.207239898722462 2.5 0.75
10.569859907627025 43.67268457182846 3.4917663633134928 2.5 0.75
10.417460964716097 43.61702461256307 3.336315901647976 2.5 0.75
10.24812876302445 43.58362853073234 3.357318396528644 2.5 0.75
10.095729786024409 43.55023247639922 3.4591700229389035 2.5 0.75
9.9263976107623 43.4945725034877 3.4747021864449428 2.5 0.75
9.765532047602322 43.43891254622544 3.3869858846698415 2.5 0.75
9.587733241023631 43.394384519915775 3.3363157838804764 2.5 0.75
9.418401030134161 43.36098845698853 3.61425110203494 2.5 0.75
9.266002100237994 43.28306462350504 3.517299416314519 2.5 0.75
9.096669927596265 43.2162727209565 3.3987335182232794 2.5 0.75
8.92733772417013 43.171744719863725 3.5172993658258047 2.5 0.75
8.758005545953758 43.10495282499583 3.517299337653092 2.5 0.75
8.588673363495888 43.038160933967674 3.4747019879422645 2.5 0.75
8.427807780354328 42.98250100554684 3.5728826389393165 2.5 0.75
8.258475604613547 42.904577172765244 3.5172992636793574 2.5 0.75
8.089143414221732 42.83778529308262 3.3869856416105635 2.5 0.75
7.911344583459866 42.793257306642666 3.5378158819433856 2.5 0.75
7.725079172285877 42.71533346804727 3.485894522916609 2.5 0.75
7.538813745879028 42.64854158332597 3.5378158224258347 2.5 0.75
7.352548325839285 42.570617754047895 3.500941645668253 2.5 0.75
7.174749506754068 42.50382588674582 3.517299098526438 2.5 0.75
7.005417296600375 42.43703403158502 3.5351357886953267 2.5 0.75
6.8445516978568515 42.37024218801636 3.5351357636234817 2.5 0.75
6.683686096114174 42.30345034793094 3.4591695149898065 2.5 0.75
6.514353868494144 42.24779045311459 3.535135713967296 2.5 0.75
6.353488261275824 42.18099862012071 3.474701651237776 2.5 0.75
6.192622641893437 42.12533873980904 3.554648710743551 2.5 0.75
6.014823809656662 42.04741495088992 3.5546486868664906 2.5 0.75
5.862424808607417 41.9806231352824 3.6142505509127676 2.5 0.75
5.710025811931559 41.90269937360261 3.6378025429953422 2.5 0.75
5.56609342727498 41.824775621316434 3.637802519336091 2.5 0.75
5.422161039608184 41.746851871804004 3.5760687543223377 2.5 0.75
5.278228641069546 41.68006007427439 3.6704318828226787 2.5 0.75
5.125829641145982 41.59100437607336 3.5351354967845743 2.5 0.75
4.964964007301453 41.52421257298438 3.6704318324888288 2.5 0.75
4.812564999334965 41.435156880373626 3.6704318098849553 2.5 0.75
4.6601659888064955 41.34610119088688 3.6378023711660084 2.5 0.75
4.5162335824423 41.2681774588292 3.723154795011055 2.5 0.75
4.380767794194633 41.17912178608463 3.6142503095182783 2.5 0.75
4.2283687658332605 41.101198054609874 3.778390731680557 2.5 0.75
4.092902978481725 41.001010437078484 3.554648375018213 2.5 0.75
3.940503937634615 40.934218660682824 3.749678889179671 2.5 0.75
3.796571527124705 40.834031044861945 3.695672295807672 2.5 0.75
3.652639107399043 40.744975380224126 3.695672271181182 2.5 0.75
3.5087066842343235 40.65591971835996 3.723154621653059 2.5 0.75
3.356307646116156 40.5557321070442 3.7231546020210335 2.5 0.75
3.203908605017014 40.455544498053676 3.7496787608940205 2.5 0.75
3.0599761755015464 40.35535689641437 3.7231545480722343 2.5 0.75
2.9245103533367987 40.26630124928152 3.7783904957901946 2.5 0.75
2.789044532177703 40.166113656180535 3.695672120820993 2.5 0.75
2.6451120875368437 40.077058010955184 3.7859365260586455 2.5 0.75
2.526579488522254 39.988002377048424 3.7783904287253014 2.5 0.75
2.3911136581211627 39.88781479116654 3.785936479761542 2.5 0.75
2.2725810530450157 39.79875916129104 3.7999117927654202 2.5 0.75
2.1286486015408084 39.68743962838528 3.943251333819834 2.5 0.75
2.0101159992110214 39.564988155041604 3.7999117423072106 2.5 0.75
1.866183539240572 39.45366862719476 3.723154333017641 2.5 0.75
1.730717686529492 39.364613001703674 3.7469312198480997 2.5 0.75
1.569851983814157 39.25329347565983 3.846525675914115 2.5 0.75
1.42591951340839 39.13084200708425 3.7783902261782987 2.5 0.75
1.2904536515260074 39.03065444036572 3.846525623877055 2.5 0.75
1.1465211722700532 38.90820297717164 3.7999115842936426 2.5 0.75
1.0025886868112843 38.7968834659594 3.799911561215088 2.5 0.75
0.8586561970511852 38.68556395672917 3.7999115313115275 2.5 0.75
0.7147237030047183 38.57424445106248 3.8612922796071247 2.5 0.75
0.5877244412422648 38.46292494948106 3.846525492321503 2.5 0.75
0.4437919395321727 38.34047349982407 4.023214048257028 2.5 0.75
0.3337259066449086 38.20689010516612 3.8897161134428178 2.5 0.75
0.18979339612555632 38.07330671119262 3.908761438603462 2.5 0.75
0.06279411811586563 37.95085526853335 3.8465253882492876 2.5 0.75
-0.08113840205921719 37.8284038289884 3.670430941340962 2.5 0.75
-0.23353754564490598 37.73934823931325 3.9866176050202307 2.5 0.75
-0.35207021815468664 37.60576485502732 3.846525309904854 2.5 0.75
-0.4960027517839644 37.48331342347407 4.026124787245622 2.5 0.75
-0.6145354339530549 37.33859809414267 3.9087612785521375 2.5 0.75
-0.7415347376432079 37.21614666594565 4.140555140668932 2.5 0.75
-0.8346675686392774 37.071431337628674 3.9432507588831016 2.5 0.75
-0.9532002610647943 36.94897991208878 3.895619115003001 2.5 0.75
-1.0717329558007802 36.837660437638135 3.943250711543426 2.5 0.75
-1.1902656558141156 36.71520901585932 3.8956190713272676 2.5 0.75
-1.308798357761159 36.603889544379534 4.026124620658996 2.5 0.75
-1.4273310696504262 36.4591742279418 3.943250638603618 2.5 0.75
-1.5458637815038092 36.33672281180412 4.019791388877724 2.5 0.75
-1.6474632555940163 36.21427139379357 4.019791367310245 2.5 0.75
-1.749062732996309 36.0918199771654 3.9866172977595853 2.5 0.75
-1.8675954575341285 35.95823661692219 3.986617267956001 2.5 0.75
-1.986128187519606 35.824653258559096 4.023213557773673 2.5 0.75
-2.096194300914936 35.691069899696735 4.026124455494429 2.5 0.75
-2.214727042508901 35.546354595751765 4.140554841521937 2.5 0.75
-2.3078599229106502 35.40163928579409 3.9432504501774104 2.5 0.75
-2.426392665932456 35.27918788362808 4.062157252496326 2.5 0.75
-2.519525547403754 35.15673647473121 4.0232134476378825 2.5 0.75
-2.629591679028806 35.02315312372211 4.097484864349336 2.5 0.75
-2.7396578227164836 34.86730587591807 4.0286304849078185 2.5 0.75
-2.8666572172329756 34.711458636215355 3.7783893695939637 2.5 0.75
-3.0021232155222273 34.61127114812123 4.140554673395554 2.5 0.75
-3.0952561240148007 34.46655584797858 4.0974847670000925 2.5 0.75
-3.2053222855955905 34.31070860703591 4.100278473185256 2.5 0.75
-3.306921824246197 34.16599331317523 4.06215706476039 2.5 0.75
-3.408521361855176 34.03240996989562 4.103551687732028 2.5 0.75
-3.501654280165675 33.898826624032644 4.165774705735509 2.5 0.75
-3.603253840910332 33.73184743657207 4.1657746843741 2.5 0.75
-3.7048534061820795 33.56486824970374 4.062156971099606 2.5 0.75
-3.8233862183926353 33.40902102206646 4.134666828146814 2.5 0.75
-3.9249857871535445 33.253173788188896 4.227728450338651 2.5 0.75
-4.001185481715751 33.10845849046536 4.107439305901254 2.5 0.75
-4.085851791024201 32.9860070965557 4.1737424480873635 2.5 0.75
-4.178984746926416 32.830159860718624 4.062156865263525 2.5 0.75
-4.297517579449277 32.674312640606416 4.230595529990935 2.5 0.75
-4.390650556854375 32.49620150976402 4.291703691931509 2.5 0.75
-4.475316919376602 32.306958425816475 4.0621567853372635 2.5 0.75
-4.585383135901747 32.16224315441659 4.402467764915063 2.5 0.75
-4.653116269694915 31.950736163698654 4.10027813039519 2.5 0.75
-4.75471586859257 31.80602088950988 4.062156717126219 2.5 0.75
-4.8732487306150425 31.650173678525217 4.214731214470677 2.5 0.75
-4.957915092918293 31.49432644765507 4.203613481108237 2.5 0.75
-5.051048092993263 31.32734727350117 4.214731172623086 2.5 0.75
-5.1357144626473605 31.17150004464812 4.2576294964863255 2.5 0.75
-5.21191420838564 31.015652810073497 4.243119225573716 2.5 0.75
-5.2965805939575255 30.848673633053497 4.327031571553324 2.5 0.75
-5.364313727886193 30.68169444561211 4.173742140191442 2.5 0.75
-5.457446739409894 30.525847225671065 4.183031021699797 2.5 0.75
-5.542113118239194 30.381131949862972 4.3081308778628955 2.5 0.75
-5.618312898444555 30.203020821808813 4.327031499127539 2.5 0.75
-5.686046045609187 30.036041636456833 4.284272750986866 2.5 0.75
-5.762245824125225 29.86906245909075 4.243119095572004 2.5 0.75
-5.846912233827986 29.702083288298297 4.134666330428468 2.5 0.75
-5.9485118951824 29.546236081940606 4.371325710486956 2.5 0.75
-6.007778427457011 29.379256892817924 4.173741984158575 2.5 0.75
-6.100911467158423 29.223409680948727 4.450134120513595 2.5 0.75
-6.151711395735387 29.03416658835963 4.257629242045235 2.5 0.75
-6.2279111855250155 28.878319364179575 4.284272625457793 2.5 0.75
-6.304110986852894 28.711340192322403 4.348991996969182 2.5 0.75
-6.363377524358393 28.555492955200133 4.417056856602274 2.5 0.75
-6.41417744488546 28.388513762838944 4.323686597762887 2.5 0.75
-6.473443977414678 28.243798475841277 4.397289348367749 2.5 0.75
-6.524243891516433 28.087951232664768 4.183030736382509 2.5 0.75
-6.608910318703588 27.943235968932402 4.294813969960964 2.5 0.75
-6.668176848627717 27.80965263268418 4.062156204644326 2.5 0.75
-6.769776532860546 27.676069335077727 4.183030673711839 2.5 0.75
-6.8544429705802745 27.531354074150553 4.100277557910818 2.5 0.75
-6.956042672138572 27.3866388299044 4.019790075803165 2.5 0.75
-7.057642356687513 27.264187485436505 4.026123244421583 2.5 0.75
-7.176175326593975 27.119472260273223 3.9802053419669536 2.5 0.75
-7.286241650416352 26.997020927007835 3.829455803090738 2.5 0.75
-7.421707860231993 26.885701569810585 3.895617586102913 2.5 0.75
-7.540240809680739 26.774382197211608 3.829455754477055 2.5 0.75
-7.675707027319298 26.663062844618405 3.778388206769793 2.5 0.75
-7.811173237165153 26.562875443746268 3.79990958908728 2.5 0.75
-7.955106093974965 26.451556104280723 3.7496763882447004 2.5 0.75
-8.099038943020265 26.351368717583238 3.7531412226538365 2.5 0.75
-8.226038519426636 26.26231326341535 3.895617428712085 2.5 0.75
-8.34457149176539 26.15099390442978 3.9087594986931244 2.5 0.75
-8.471571112437081 26.028542606785173 3.9432489986814123 2.5 0.75
-8.59010410503144 25.90609130245951 4.183030331230595 2.5 0.75
-8.674770597289283 25.761376062024084 3.9087594212761307 2.5 0.75
-8.801770230892469 25.638924770883342 3.980205032354849 2.5 0.75
-8.911836601656741 25.51647346165032 3.770261294013607 2.5 0.75
-10.749097852920347 24.18064198960966 4.193996002676985 2.5 0.75
-10.825297755068451 24.04705871059107 3.9726082488087626 2.5 0.75
-10.926897532136785 23.935739367146233 4.323685784987565 2.5 0.75
-10.986164186932541 23.791024116975663 4.348991150175516 2.5 0.75
-11.04543086142901 23.63517691683801 4.374793006800065 2.5 0.75
-11.096230886643982 23.490461654063544 4.405495036858281 2.5 0.75
-11.138564261539974 23.356878328065868 4.227726938396604 2.5 0.75
-11.2147641968599 23.21216310385299 4.319139480608245 2.5 0.75
-11.265564193641223 23.089711740562635 4.5749733609654655 2.5 0.75
-11.28249765011358 22.967260326311045 4.498408284306241 2.5 0.75
-11.316364429309806 22.811413090278617 4.7708263058717595 2.5 0.75
-11.307898011666769 22.66669773934015 4.712387466955494 2.5 0.75
-11.307898196988353 22.544246299618692 4.712387466955596 2.5 0.75
-11.307898382309924 22.42179485989723 5.150144744306999 2.5 0.75
-11.240165509870156 22.27707941939282 4.775683718983804 2.5 0.75
-11.231699074227885 22.143496017946077 4.900287183808648 2.5 0.75
-11.206299363834049 22.009912590786566 4.900287181511605 2.5 0.75
-11.180899653770965 21.876329163694436 4.766660626974204 2.5 0.75
-11.172433250205676 21.72048186374497 4.828868729529429 2.5 0.75
-11.155500191685412 21.575766500343722 4.604159050557553 2.5 0.75
-11.172433699640711 21.41991923904271 4.604159056076579 2.5 0.75
-11.189367206789901 21.264071977151104 4.661726130951208 2.5 0.75
-11.197834095362328 21.097092753303585 4.653948636084817 2.5 0.75
-11.206300949881303 20.952377427797444 4.643354523043267 2.5 0.75
-11.214767772236002 20.829926000868586 4.900287218090279 2.5 0.75
-11.189368057103977 20.696342573745014 4.900287218147454 2.5 0.75
-11.163968342007099 20.56275914684791 4.828868745274511 2.5 0.75
-11.147035281150792 20.41804378322197 4.916915511084344 2.5 0.75
-11.121635547400793 20.29559230588619 4.960679825644739 2.5 0.75
-11.0877691902811 20.162008866556693 5.019280082613457 2.5 0.75
-11.045436193242402 20.02842541493593 5.1631532304527 2.5 0.75
-10.986169899579492 19.905973887901432 5.140503477029859 2.5 0.75
-10.935370228383944 19.79465432257277 4.996974672889861 2.5 0.75
-10.893037242077941 19.649938922988174 5.075784063786099 2.5 0.75
-10.842237598814764 19.5163554598966 4.916915572073303 2.5 0.75
-10.81683785744062 19.393903983358058 4.849801711200317 2.5 0.75
-10.799904754443626 19.271452518469648 4.84980171351501 2.5 0.75
-10.782971651245093 19.149001054212686 5.019280161386066 2.5 0.75
-10.740638643150406 19.015417604243847 4.96067991155774 2.5 0.75
-10.706772274299636 18.88183416681996 4.900287336455394 2.5 0.75
-10.681372543145796 18.74825074159735 4.916915611989336 2.5 0.75
-10.655972796759217 18.62579926547169 5.075784143068204 2.5 0.75
-10.613639751363978 18.514479714892275 4.900287346136158 2.5 0.75
-10.588240018752513 18.380896289050746 4.916915645125121 2.5 0.75
-10.562840268219347 18.258444813337366 4.770826434641164 2.5 0.75
-10.554373831930983 18.113729463311053 5.045239251655568 2.5 0.75
-10.512040798023124 17.991277963961146 4.849801774137482 2.5 0.75
-10.495107687338354 17.868826500275656 4.6490912903425885 2.5 0.75
-10.50357451727834 17.735243123281933 4.6433545976121815 2.5 0.75
-10.512041330510751 17.612791695594687 4.7666607452821435 2.5 0.75
-10.503574908484437 17.4569443962225 4.775683864757928 2.5 0.75
-10.495108453334028 17.3233609954556 4.64909128461671 2.5 0.75
-10.503575284047859 17.18977761836895 4.712387573608822 2.5 0.75
-10.503575487629904 17.045062280139643 4.643354591281332 2.5 0.75
-10.512042301640767 16.922610852459293 4.781420559120894 2.5 0.75
-10.50357583175027 16.80015940079456 4.643354589039453 2.5 0.75
-10.51204264603669 16.677707973118206 4.926366934760473 2.5 0.75
-10.47817629280477 16.52186063814732 4.712387575885535 2.5 0.75
-10.47817649605734 16.377145299811495 4.886134353339905 2.5 0.75
-10.452776769257792 16.232429926048646 4.643354590827589 2.5 0.75
-10.461243583326716 16.109978498335973 4.770826463526325 2.5 0.75
-10.452777142843301 15.9652631482991 4.763048961864868 2.5 0.75
-10.444310733182554 15.79828390062381 4.712387583720963 2.5 0.75
-10.444310950848807 15.642436613396091 4.586298148611996 2.5 0.75
-10.461244424936124 15.508853248169917 4.604159057432407 2.5 0.75
-10.478177932058081 15.353005984561278 4.427800266220766 2.5 0.75
-10.520511357718627 15.208290705802659 4.39728828399943 2.5 0.75
-10.571311446116912 15.05244349087182 4.397288280466236 2.5 0.75
-10.622111535221594 14.896596275642624 4.323685400897138 2.5 0.75
-10.68137825632645 14.751881022047032 4.628079901490908 2.5 0.75
-10.69831183342273 14.551505962957021 4.227726511310337 2.5 0.75
-10.77451185009598 14.406790734164579 4.535304030182656 2.5 0.75
-10.808378705864575 14.217547649003123 4.498408107991523 2.5 0.75
-10.84224551442444 14.061700410265376 4.479038605637127 2.5 0.75
-10.884579002239635 13.883589287387185 4.492313087454964 2.5 0.75
-10.926912509319664 13.694346214787279 4.323685303782401 2.5 0.75
-10.986179245832243 13.54963096364185 4.75239624123994 2.5 0.75
-10.977712910803811 13.338123918486279 4.482502470332109 2.5 0.75
-11.01157971137806 13.193408629937295 4.59590614193901 2.5 0.75
-11.028513217167042 13.048693317143186 4.595906123758304 2.5 0.75
-11.045446725706778 12.903978003633737 4.658114287456059 2.5 0.75
-11.053913604025134 12.748130729672 4.766660716404418 2.5 0.75
-11.04544718648113 12.592283429720228 4.661726094037274 2.5 0.75
-11.053914081220917 12.425304206116232 4.574973194613035 2.5 0.75
-11.070847558547515 12.302852791180516 4.643354472085377 2.5 0.75
-11.079314387171596 12.180401364256221 4.550828271335264 2.5 0.75
-11.104714562098273 12.024554114880418 4.628079804285204 2.5 0.75
-11.113181360420981 11.924366585735186 4.854039643165761 2.5 0.75
-11.08778167910445 11.746255362195775 4.628079811573346 2.5 0.75
-11.09624847662268 11.646067833867995 4.8861343755035875 2.5 0.75
-11.070848746082095 11.501352457627844 4.88613439269264 2.5 0.75
-11.04544901304397 11.356637081767202 4.886134395155225 2.5 0.75
-11.02004927973732 11.21192170646962 4.9822142807606715 2.5 0.75
-10.986182863342245 11.089470216676489 5.045239485973227 2.5 0.75
-10.94384979653878 10.967018715088306 4.996974983236839 2.5 0.75
-10.901516761290365 10.82230331486362 4.936718697198212 2.5 0.75
-10.876116975388557 10.71098378706673 5.019280476246689 2.5 0.75
-10.833783920904958 10.577400336767385 5.140503979719426 2.5 0.75
-10.782984182321721 10.466080771931436 5.1121727549223435 2.5 0.75
-10.74065107671138 10.36589316986087 5.075784494335444 2.5 0.75
-10.689851368170764 10.232309708226946 5.25900276324319 2.5 0.75
-10.622118324293606 10.12099012107808 5.019280529958152 2.5 0.75
-10.579785262073116 9.987406671279322 5.075784525104961 2.5 0.75
-10.54591878693726 9.898351031139411 4.942272710201344 2.5 0.75
-10.5120523879611 9.75363564525115 5.10563621900246 2.5 0.75
-10.461252654458175 9.631184134302883 4.788298647212947 2.5 0.75
-10.45278615972409 9.519864631277823 5.075784576435543 2.5 0.75
-10.393519819494125 9.36401726212272 4.916915898437726 2.5 0.75
-10.368120036658693 9.241565786654439 4.96068027972498 2.5 0.75
-10.334253615703975 9.10798235016988 4.712387598996705 2.5 0.75
-10.3342537387243 9.01892675825104 5.049982694602617 2.5 0.75
-10.283454029565865 8.874211349625703 4.8540398116664845 2.5 0.75
-10.258054318134542 8.696100129644432 4.936718847339589 2.5 0.75
-10.232654515054698 8.584780603625912 4.900287643508484 2.5 0.75
-10.207254741701476 8.451197179985012 4.712387615864884 2.5 0.75
-10.20725487840936 8.351009638873837 5.163153950604698 2.5 0.75
-10.147988478630808 8.228558117470548 4.916915967711294 2.5 0.75
-10.122588687274119 8.106106643575682 5.049982769917777 2.5 0.75
-10.071788966439778 7.961391236563879 4.781420702938353 2.5 0.75
-10.063322478909914 7.838939785701525 4.849802019902555 2.5 0.75
-10.04638933769855 7.716488323051426 5.007719682399953 2.5 0.75
-10.012522874323183 7.605168787158913 5.122372160095693 2.5 0.75
-9.944789857205215 7.4493214090380055 4.960680392301872 2.5 0.75
-9.910923420842387 7.315737974907763 4.9822145589318385 2.5 0.75
-9.877056969329884 7.1932864907208725 4.86334492372517 2.5 0.75
-9.860123808741983 7.081966977135873 4.982214581746777 2.5 0.75
-9.826257354246593 6.9595154930376815 4.977620939967614 2.5 0.75
-9.783924289223718 6.803668150641968 4.996975290743469 2.5 0.75
-9.741591207668982 6.658952757263305 5.007719755401841 2.5 0.75
-9.707724735399294 6.547633221319387 5.1405043301831626 2.5 0.75
-9.656924953651947 6.436313665191444 4.916916079910237 2.5 0.75
-9.631525148283263 6.313862192829952 5.045239868702389 2.5 0.75
-9.589192031471699 6.191410698354436 5.11217311740874 2.5 0.75
-9.546858885630135 6.0912231023646175 5.038361293563454 2.5 0.75
-9.51299239470842 5.991035517590729 5.019280839322069 2.5 0.75
-9.470659289251783 5.857452074860445 4.916916127460394 2.5 0.75
-9.445259477748609 5.735000602203043 5.321226328498301 2.5 0.75
-9.35212643725443 5.601417096880065 4.849802153395755 2.5 0.75
-9.335193279547138 5.4789656354093905 5.362621052627529 2.5 0.75
-9.250526861937114 5.367646039692801 4.863345045556175 2.5 0.75
-9.233593687731249 5.256326527803972 5.217641372150154 2.5 0.75
-9.165860591788787 5.133875004834625 5.007719894043925 2.5 0.75
-9.131994103787855 5.022555472607576 5.075784953662839 2.5 0.75
-9.081194329109477 4.888972021739883 5.038361405091991 2.5 0.75
-9.0473278262945 4.78878443861461 4.766661041341138 2.5 0.75
-9.038861358098593 4.632937141204158 4.960680600089015 2.5 0.75
-9.004994893467947 4.49935371209573 5.019280963031715 2.5 0.75
-8.962661770637471 4.365770271925691 4.712387778322954 2.5 0.75
-8.962661891069082 4.265582729297219 4.649091390220917 2.5 0.75
-8.971128707701524 4.1319993509128805 4.873947177533567 2.5 0.75
-8.945728923452128 3.976152032853292 4.561430453221919 2.5 0.75
-8.962662371745573 3.8648325625228956 4.960680641667371 2.5 0.75
-8.928795901228243 3.7312491335110467 4.712387785471386 2.5 0.75
-8.928796074150526 3.5865337953958263 4.8633451214513155 2.5 0.75
-8.911862891432927 3.4752142843771656 4.807174492348931 2.5 0.75
-8.903396340031929 3.386158681896665 4.960680662335065 2.5 0.75
-8.8695298665112 3.2525752526280916 5.007720007775013 2.5 0.75
-8.835663365285011 3.1412557223963242 4.996975548151398 2.5 0.75
-8.79333024476292 2.9965403340468084 4.781420915978333 2.5 0.75
-8.78486373106177 2.874088883769922 5.038361537707447 2.5 0.75
-8.750997213920634 2.7739013020600067 4.996975574839832 2.5 0.75
-8.708664089498575 2.629185914711277 5.045240136441002 2.5 0.75
-8.666330937785986 2.506734425449209 5.140504678988322 2.5 0.75
-8.615531112090107 2.395414875821511 4.84980230667059 2.5 0.75
-8.598597935607685 2.2729634168999713 4.775684247625724 2.5 0.75
-8.590131429251812 2.1393800184171674 5.259003514070908 2.5 0.75
-8.522398282054747 2.0280604496845793 5.079949021036961 2.5 0.75
-7.49793515556754 -0.6324764787545507 4.900288234515276 2.5 0.75
-7.464068684279326 -0.8105876984244115 4.916916575162153 2.5 0.75
-7.438668817285967 -0.9330391629328132 4.900288251153003 2.5 0.75
-7.413268961715994 -1.0666225766382764 5.045240463689405 2.5 0.75
-7.370935767705698 -1.1890740584847332 4.712387994334007 2.5 0.75
-7.370935877472359 -1.3003935500628343 4.942273467932833 2.5 0.75
-7.337069366228529 -1.445108921451958 4.936719533135034 2.5 0.75
-7.311669485197467 -1.5564284371022312 5.007720389175923 2.5 0.75
-7.260869667024025 -1.723407721779141 4.879821942796914 2.5 0.75
-7.24393643656786 -1.8235952801174762 4.64335485403982 2.5 0.75
-7.2524032185646 -1.9460467123514607 5.101090958759617 2.5 0.75
-7.1931367100634445 -2.0907621074818206 5.251036064690646 2.5 0.75
-7.100003553343015 -2.246609483994913 4.775684486164158 2.5 0.75
-7.091537015085483 -2.380192881040087 4.936719592858212 2.5 0.75
-7.0661371273726115 -2.491512395320019 4.712388033357671 2.5 0.75
-7.06613722225292 -2.5916999370531824 5.0383619912086655 2.5 0.75
-7.032270657359208 -2.6918875102601185 4.977621640911111 2.5 0.75
-6.989937479223685 -2.8477348372390243 5.007720475348387 2.5 0.75
-6.956070923344054 -2.959054360193083 5.23078115789742 2.5 0.75
-6.854471105496882 -3.1371656394327085 4.936719658523742 2.5 0.75
-6.829071210055134 -3.248485153881178 5.201619604940562 2.5 0.75
-6.769804652862832 -3.3598046979494125 5.181658973060461 2.5 0.75
-6.719004750213874 -3.459992285707632 5.210047158320094 2.5 0.75
-6.6766714911098495 -3.537915968090558 5.362621994023925 2.5 0.75
-6.583538275333091 -3.660367489781758 5.461312772433442 2.5 0.75
-6.490405038021475 -3.76055511254802 5.427939040605303 2.5 0.75
-6.42267177573163 -3.838478815173454 5.492127319758229 2.5 0.75
-6.312605210955715 -3.9497983999769324 5.638843774946156 2.5 0.75
-6.253338584702813 -3.994326245430659 5.464788768115006 2.5 0.75
-6.117872041606862 -4.139041696491779 6.097519549803705 2.5 0.75
-6.0586053859074145 -4.150173693159918 5.492127392210541 2.5 0.75
-5.948538810903262 -4.261493272176317 5.492127419981556 2.5 0.75
-5.838472231486253 -4.372812849472497 0.18566415582555681 2.5 0.75
-5.779205555615652 -4.361680947282867 5.615262028842453 2.5 0.75
-5.652205631136936 -4.461868585670288 5.744505802496803 2.5 0.75
-5.559072337921902 -4.517528401157833 5.529160740362353 2.5 0.75
-5.440539082672918 -4.628847979368123 5.701625858338375 2.5 0.75
-5.372805777516539 -4.67337582475802 5.602915889732964 2.5 0.75
-5.26273916883241 -4.762431496094613 5.43816243785467 2.5 0.75
-5.20347254550961 -4.829223231631077 5.472527826762002 2.5 0.75
-5.076472627964914 -4.962806707967698 5.563487983009166 2.5 0.75
-5.000272666061801 -5.029598453615355 5.595322615291447 2.5 0.75
-4.864806058087688 -5.140918034147088 4.464095163271413 2.5 0.75
-4.87327274843576 -5.17431387599896 5.529160879174148 2.5 0.75
-4.754739472560534 -5.285633442614342 5.638844067586878 2.5 0.75
-4.636206178431472 -5.374689110526032 5.4201507816898875 2.5 0.75
-4.560006222182566 -5.463744749162096 5.452169619615153 2.5 0.75
-4.458406272841964 -5.575064302005243 5.701626042983574 2.5 0.75
-4.373739625019789 -5.630724097119059 5.563488124763672 2.5 0.75
-4.272139657998213 -5.71977974813252 5.661033316168126 2.5 0.75
-4.179006345472695 -5.786571495165592 5.5953227664464436 2.5 0.75
-4.111273028605939 -5.842231278863528 1.2073981100479456 2.5 0.75
-4.077406306112946 -5.753175704502624 5.615262341461347 2.5 0.75
-3.9927396588540605 -5.819967444894818 5.563488183333233 2.5 0.75
-3.8911396853180795 -5.909023091095751 5.799017839627552 2.5 0.75
-3.8488063543818165 -5.931287010777318 5.492127803720655 2.5 0.75
-3.738739720267808 -6.042606557952337 5.5482066371064285 2.5 0.75
-3.6032730814241836 -6.165058064040373 0.9205617833777051 2.5 0.75
-3.5863397330219873 -6.14279417377542 5.446958507870767 2.5 0.75
-3.425473108535677 -6.320905435158259 6.026046833464656 2.5 0.75
-3.34080642942875 -6.343169371108566 5.701626239393251 2.5 0.75
-3.2561397644308525 -6.398829153697569 5.362622635767995 2.5 0.75
-3.1122064701457703 -6.588072349977956 5.998920487052835 2.5 0.75
-3.0360064557307602 -6.610336278994033 6.067461927221313 2.5 0.75
-2.9344064336275926 -6.632600217902792 5.732845875054029 2.5 0.75
-2.8074064235859058 -6.710523910545734 5.563488406657562 2.5 0.75
-2.7566064232419882 -6.755051725484699 5.362622726644206 2.5 0.75
-2.6042064441851074 -6.955426863520958 5.438162945930759 2.5 0.75
-2.4856731132655625 -7.08901029285608 0.1628930484275705 2.5 0.75
-2.4179397518662897 -7.077878365805328 5.770048146725596 2.5 0.75
-2.299406395289216 -7.144670097664833 5.75434931271957 2.5 0.75
-2.2232063794104704 -7.1891979175867124 5.661033689413174 2.5 0.75
-2.1300730289788117 -7.255989639164458 5.628914632731462 2.5 0.75
-2.0284730099965236 -7.333913311191772 5.965611037435912 2.5 0.75
-1.9607396557187582 -7.3561772268751655 5.281111444336064 2.5 0.75
-0.4452058484916369 -9.727282624761145 5.420151618976828 2.5 0.75
-0.3690057986805243 -9.816338221798022 5.299585073724642 2.5 0.75
-0.309739092034721 -9.905393817374648 5.362623258625839 2.5 0.75
-0.22507236451008883 -10.016713310916208 5.362623265736724 2.5 0.75
-0.14887230935697568 -10.116900854125936 5.504787133854641 2.5 0.75
-0.08113892343691759 -10.18369255042502 5.362623300433453 2.5 0.75
0.0035278094643075002 -10.295012041376925 5.563489016451877 2.5 0.75
0.0797278713577383 -10.36180373541795 5.3626233334529045 2.5 0.75
0.16439460867466896 -10.473123224547152 5.414021262817281 2.5 0.75
0.24906134816448383 -10.57331076429808 5.1561301478044665 2.5 0.75
0.29139472026893587 -10.662366354860486 5.23078257138083 2.5 0.75
0.36759479178025734 -10.79594974043096 5.201620983953334 2.5 0.75
0.42686151622691215 -10.907269228583578 5.14050656699858 2.5 0.75
0.47766156748349775 -11.018588716021371 5.049984989949396 2.5 0.75
0.5284616238028375 -11.163304050742877 5.140506593642652 2.5 0.75
0.5792616783276568 -11.274623537489433 5.019282855785378 2.5 0.75
0.6215950620747115 -11.408206923017296 5.105638708714987 2.5 0.75
0.6723951218705416 -11.530658359130117 5.163156453961972 2.5 0.75
0.7316618577691189 -11.653109793284129 5.140506645469821 2.5 0.75
0.7824619186347597 -11.76442927865009 5.075787019873247 2.5 0.75
0.8247953063138382 -11.875748765399653 5.246578010260929 2.5 0.75
0.8840620448217745 -11.975936299925602 5.362623542342043 2.5 0.75
0.9433287821025619 -12.053859936354087 5.129965217555828 2.5 0.75
1.002595528106157 -12.187443317567189 5.563489275960803 2.5 0.75
1.078795618265668 -12.254235001416758 4.9776230502631025 2.5 0.75
1.1211290197941595 -12.410082282535818 5.299585437291955 2.5 0.75
1.180395764764633 -12.499137865501057 5.41402153193774 2.5 0.75
1.2650625407495637 -12.599325393746508 5.259005712582628 2.5 0.75
1.3327959685335327 -12.710644872485458 5.362623655388546 2.5 0.75
1.4005293954188789 -12.799700452976861 5.362623670738741 2.5 0.75
1.4767295020063458 -12.899887979601717 5.201621240366936 2.5 0.75
1.5359962584075575 -13.011207458963835 5.4725292816964215 2.5 0.75
1.620663043877974 -13.100263033165719 5.259005787153398 2.5 0.75
1.688396481552269 -13.211582509465488 5.628915527142328 2.5 0.75
1.7899966209331153 -13.289506129507833 5.181660667841832 2.5 0.75
1.840796707215587 -13.389693658461447 5.3068710365727725 2.5 0.75
1.9085301478701588 -13.489881183567167 5.461314564968726 2.5 0.75
2.0016636215806294 -13.590068700500604 5.259005875643937 2.5 0.75
2.069397070644341 -13.701388173335442 5.409071149861736 2.5 0.75
2.1625305523409737 -13.812707637477065 5.210048926597334 2.5 0.75
2.204863962166359 -13.890631268804727 5.30687112970986 2.5 0.75
2.2725974136316713 -13.990818789790444 5.420152272096725 2.5 0.75
2.3487975404774897 -14.079874359113886 5.362623871851346 2.5 0.75
2.42499767152564 -14.18006187608295 5.4140218173307515 2.5 0.75
2.509664484589109 -14.280249390206373 5.306871185278461 2.5 0.75
2.577397942315126 -14.38043690845391 5.4725294999205385 2.5 0.75
2.662064754344005 -14.469492471673146 5.16315687582555 2.5 0.75
2.72133154634735 -14.591943890012583 5.472529533478525 2.5 0.75
2.8059983625116405 -14.680999451596906 5.3626239807572 2.5 0.75
2.899131872914137 -14.803450855768284 5.362623995387458 2.5 0.75
2.958398653747655 -14.881374476193015 5.504787866392282 2.5 0.75
3.026132109524601 -14.94816614351329 5.539236988200915 2.5 0.75
3.110798928662451 -15.026089752448035 5.504787903526666 2.5 0.75
3.17853238811238 -15.092881418429203 5.5201664925137415 2.5 0.75
3.2716658940685566 -15.181936971090511 5.870133332883591 2.5 0.75
3.373266061826841 -15.226464721953795 5.938887378320038 2.5 0.75
3.4663995470178053 -15.25986052695977 5.988599570919986 2.5 0.75
3.5764663902007396 -15.293256321934745 5.965612097653554 2.5 0.75
3.6780665558491457 -15.326652120225251 6.195756251380698 2.5 0.75
3.805066748230981 -15.33778400504378 5.898761161943041 2.5 0.75
3.915133601293828 -15.382311744984714 0.10913148981024082 2.5 0.75
4.016733745550611 -15.371179741876384 6.182390502580881 2.5 0.75
4.126800580730759 -15.382311631065784 0.09363985335664105 2.5 0.75
4.245334083121892 -15.371179615511204 5.749713807813826e-07 2.5 0.75
4.346934233325135 -15.371179557094026 0.5386786957722778 2.5 0.75
4.440067671707862 -15.315519757093494 6.022553855175119e-07 2.5 0.75
4.558601179632815 -15.31551968570605 0.09363991309069344 2.5 0.75
4.677134679253915 -15.304387663268681 0.44598122624072256 2.5 0.75
4.7702681215882 -15.25985980832127 0.1856653310737211 2.5 0.75
4.888801613974845 -15.237595833304047 0.34429904787627486 2.5 0.75
4.981935061678748 -15.204199924121953 0.4459812772572087 2.5 0.75
5.075068499780337 -15.159672065360791 0.10079603793515597 2.5 0.75
5.185135318760388 -15.148540040671838 0.4459813072494089 2.5 0.75
5.278268755051769 -15.104012179344366 0.10079606595380819 2.5 0.75
5.3883355729601545 -15.09288015164833 0.10913169217016039 2.5 0.75
5.489935711545958 -15.081748128354738 0.2945869573519263 2.5 0.75
5.60000251118735 -15.048352199816076 0.11896321345024909 2.5 0.75
5.693135969990638 -15.037220180303704 7.69241369821905e-07 2.5 0.75
5.8032027939380875 -15.03722009563575 0.29458700739469285 2.5 0.75
5.91326959136921 -15.003824161752595 0.21572353785886242 2.5 0.75
6.014869718909369 -14.981560182926009 0.1091317748033562 2.5 0.75
6.116469855659273 -14.970428151337238 0.3844255115047045 2.5 0.75
6.226536641917335 -14.925900263429822 0.5815589415593604 2.5 0.75
6.3112033814179025 -14.870240447168797 0.6221516952956646 2.5 0.75
6.404336789079877 -14.803448673613374 0.5815589723142514 2.5 0.75
6.4890035261626 -14.747788855212578 0.9205625910069504 2.5 0.75
6.556736875414221 -14.658733203204648 0.8630341829773112 2.5 0.75
6.632936902333251 -14.569677543723934 0.6679227501128693 2.5 0.75
6.7176036247503506 -14.502885773655985 0.7196969259615016 2.5 0.75
6.7938036680353635 -14.436094010331184 0.8106570737850084 2.5 0.75
6.8784703672444545 -14.347038339909322 0.528836192948551 2.5 0.75
6.954670428008338 -14.30251047346909 0.545426375664891 2.5 0.75
7.064737178185786 -14.235718675652192 0.4841674577174686 2.5 0.75
7.149403914402395 -14.19119079825303 0.4130534334808111 2.5 0.75
7.2510040049964815 -14.146662904478783 0.6679228533501941 2.5 0.75
7.335670718318875 -14.07987112740505 0.44598165109476123 2.5 0.75
7.428804128585384 -14.035343239176619 0.44598166761958 2.5 0.75
7.521937538579511 -13.990815349187603 0.41305349330096214 2.5 0.75
7.62353762446638 -13.946287450231242 0.3442994728918796 2.5 0.75
7.716671042509555 -13.912891507012144 0.5011778027653547 2.5 0.75
7.818271114748856 -13.857231656077257 0.5815592135149971 2.5 0.75
7.902937831628775 -13.801571821710379 0.6308670601413656 2.5 0.75
7.979137867822923 -13.745911995532307 0.6679229769287667 2.5 0.75
8.06380457004511 -13.67912021024087 0.3442995433346362 2.5 0.75
8.156937982867019 -13.645724261489883 0.7783990165063318 2.5 0.75
8.224671328014932 -13.578932492749999 0.48416764191136996 2.5 0.75
8.309338049898153 -13.534404602980482 0.5288364383223595 2.5 0.75
8.385538092724357 -13.489876721940078 0.445981824496465 2.5 0.75
8.47867149058192 -13.445348819803401 0.37570408071902484 2.5 0.75
8.563338222023853 -13.411952876471773 0.34429961678952237 2.5 0.75
8.65647163023294 -13.378556921654122 0.44598186416700974 2.5 0.75
8.749605023516386 -13.334029017165165 0.41305369381469154 2.5 0.75
8.825805076530791 -13.300633079730519 0.19958447384657985 2.5 0.75
8.935871849599732 -13.278369051207502 0.48416776034452275 2.5 0.75
9.020538563349513 -13.233841152914696 0.23465127684405132 2.5 0.75
9.113671980355784 -13.211577141936363 0.37570417824083907 2.5 0.75
9.198338707085766 -13.178181190921839 1.237942728973108e-06 2.5 0.75
9.291472150157038 -13.17818107562797 0.19958453909609608 2.5 0.75
9.401538919972943 -13.155917040287314 0.2571390708289916 2.5 0.75
9.486205658519856 -13.13365303465515 0.21572407429379492 2.5 0.75
9.58780574950024 -13.111389006721039 0.3175750667887129 2.5 0.75
9.689405825825045 -13.077993028705471 0.10913229498333837 2.5 0.75
9.79100593006911 -13.066860947193462 0.13073101806389456 2.5 0.75
9.875672681092034 -13.05572888639897 0.11896381494583791 2.5 0.75
9.96880610849787 -13.044596813819771 0.10079672484462358 2.5 0.75
10.078872888420594 -13.033464716701733 0.10079673020715689 2.5 0.75
10.188939667614285 -13.022332619061155 0.11896385965982854 2.5 0.75
10.282073094472942 -13.011200542323495 0.2157241853823487 2.5 0.75
10.383673181658208 -12.988936503392436 0.34429987208524393 2.5 0.75
10.476806576815514 -12.955540526421144 0.34429989724216076 2.5 0.75
10.569939969848889 -12.922144547567248 0.13073111954222416 2.5 0.75
10.654606717393289 -12.911012478489747 0.5386796855214255 2.5 0.75
10.747740078582993 -12.855352599520497 0.6878629703945757 2.5 0.75
10.815473408271274 -12.799692756532053 0.21572426116334376 2.5 0.75
10.917073490731928 -12.777428710567241 0.31757525892886346 2.5 0.75
11.018673556745954 -12.744032714310203 0.11896397335383373 2.5 0.75
11.11180697868624 -12.732900627420435 5.870134261977942 2.5 0.75
11.2134071598822 -12.777428271645649 0.1995848079441521 2.5 0.75
11.323473916698187 -12.755164208132587 1.522519603374853e-06 2.5 0.75
11.425074031358891 -12.755164053444421 1.5355026298633388e-06 2.5 0.75
11.535140822798834 -12.755163884436573 1.5522918109068818e-06 2.5 0.75
11.645207613285864 -12.755163713580796 1.5666215617325411e-06 2.5 0.75
11.746807728060318 -12.755163554411865 1.5771733594217247e-06 2.5 0.75
11.848407842499173 -12.755163394170872 0.11896408977863998 2.5 0.75
11.941541264009123 -12.744031296334585 1.6061669104185884e-06 2.5 0.75
12.034674702953653 -12.744031146746737 0.2571394319076817 2.5 0.75
12.119341428247132 -12.721767111914396 0.23465171368434176 2.5 0.75
12.21247482925986 -12.699503061749969 0.48416822393935066 2.5 0.75
12.297141517311054 -12.654975126864999 1.6528420979825822e-06 2.5 0.75
12.39027495505386 -12.654974972930132 0.21572447758638447 2.5 0.75
12.491875031120024 -12.632710905322085 0.3443001673135141 2.5 0.75
12.585008412025347 -12.599314902430272 0.2571395149244257 2.5 0.75
12.669675134638014 -12.577050860788097 1.7039586100122364e-06 2.5 0.75
12.779741922466158 -12.577050673238846 0.4841683064784893 2.5 0.75
12.864408605721735 -12.53252273195476 0.23465181883539418 2.5 0.75
12.95754200367193 -12.510258672169723 0.4459824794778083 2.5 0.75
13.050675361625474 -12.465730714166863 0.21572457218918534 2.5 0.75
13.152275433262966 -12.443466637456089 0.21572458235133363 2.5 0.75
13.253875503782158 -12.421202559908318 0.21572459381512554 2.5 0.75
13.35547557428457 -12.398938481143572 0.1007971832670396 2.5 0.75
13.465542339148456 -12.387806334575368 0.5815600666189101 2.5 0.75
13.550208996162482 -12.332146436119093 0.19958513759988022 2.5 0.75
13.660275740754361 -12.309882337309949 0.25713966620527723 2.5 0.75
13.74494245663368 -12.287618283744242 0.19958516163466133 2.5 0.75
13.85500919898527 -12.265354182634589 0.4459826193109433 2.5 0.75
13.94814254856863 -12.220826212633524 0.19958518849022366 2.5 0.75
14.058209289075382 -12.198562108820191 0.317575707801482 2.5 0.75
14.159809332851232 -12.165166069339968 0.2945882239370219 2.5 0.75
14.269876052051645 -12.131770012965308 0.48416853779672303 2.5 0.75
14.354542721394816 -12.087242053996048 0.6542720128329734 2.5 0.75
14.456142676166483 -12.00931821524781 0.10913294926173851 2.5 0.75
14.557742758934383 -11.998186068816114 0.2945882920149628 2.5 0.75
14.667809472555222 -11.964790005951446 0.10913298177305246 2.5 0.75
14.769409554726392 -11.953657856242327 0.44598274866360066 2.5 0.75
14.862542894638214 -11.909129876064451 0.234652107129691 2.5 0.75
14.955676278966811 -11.886865791151505 0.09364133823753702 2.5 0.75
15.074209708529517 -11.875733604876142 0.29458836197078264 2.5 0.75
15.18427641915747 -11.842337534510902 0.23465214810422963 2.5 0.75
15.277409801292537 -11.820073446088154 0.344300576551035 2.5 0.75
15.370543158240846 -11.786677408772528 0.10079746561694487 2.5 0.75
15.480609912832389 -11.77554523184803 0.21572491464404642 2.5 0.75
15.582209967614208 -11.753281122366701 0.44598287563623656 2.5 0.75
15.675343299394601 -11.708753131548002 0.5815604045816309 2.5 0.75
15.760009932294412 -11.653093207963911 0.08199263763725324 2.5 0.75
15.895476708450055 -11.641960971915347 6.008564149448924 2.5 0.75
16.01401022964074 -11.675356565640614 0.8630356466310286 2.5 0.75
16.09021011274814 -11.586300810366142 0.44598296038518204 2.5 0.75
16.183343439568738 -11.541772812221575 0.27462547504432133 2.5 0.75
16.3018768151172 -11.508376707162101 0.34430073115559534 2.5 0.75
16.39501016493171 -11.474980656154266 0.31757604468584943 2.5 0.75
16.496610188670875 -11.441584585334573 0.37570525286783574 2.5 0.75
16.58127686159203 -11.408188550403537 0.3175760687331598 2.5 0.75
16.682876883233444 -11.374792477566196 0.41305484874217346 2.5 0.75
16.784476879133987 -11.330264453883375 0.3175761059612484 2.5 0.75
16.886076898802276 -11.296868377503563 0.18566704828275088 2.5 0.75
17.004610292213385 -11.274604210349054 0.29458864377554117 2.5 0.75
17.11467698463519 -11.241208111635036 0.46819212032842344 2.5 0.75
17.22474362503156 -11.185548114284375 0.19958566334498148 2.5 0.75
17.3348103407641 -11.163283961078088 0.29458868926660897 2.5 0.75
17.444877029786714 -11.129887857927432 0.4390109601805326 2.5 0.75
17.56341034051653 -11.074227834071595 0.3175762156479091 2.5 0.75
17.66501035343477 -11.040831747562299 0.1995857214173221 2.5 0.75
17.775077066713852 -11.01856758819893 0.33722254247087263 2.5 0.75
17.902077073606804 -10.974039488769343 0.48416908722482116 2.5 0.75
17.986743708149845 -10.929511488717349 0.31757627206013667 2.5 0.75
18.088343716696293 -10.896115397294329 0.4130550636643874 2.5 0.75
18.189943698025065 -10.851587353967503 0.3175763167398153 2.5 0.75
18.291543705222033 -10.818191257958139 0.4130550902703243 2.5 0.75
18.393143683841302 -10.773663212596418 0.413055110726234 2.5 0.75
18.494743661075574 -10.729135165364175 0.3844273543524393 2.5 0.75
18.604810311798683 -10.68460709625478 0.18566729892606357 2.5 0.75
18.723343690834685 -10.66234290104259 0.3844273910355891 2.5 0.75
18.833410337930477 -10.617814828702242 0.4681923897896509 2.5 0.75
18.943476955399408 -10.562154805702653 0.48416923942247053 2.5 0.75
19.028143580562745 -10.517626794133385 0.3175764419370165 2.5 0.75
19.12974357943597 -10.48423068676568 0.34430114631966063 2.5 0.75
19.2228769024755 -10.450834601721587 0.538680984842464 2.5 0.75
19.31601016898414 -10.395174615105995 0.21572546326723016 2.5 0.75
19.417610193865794 -10.372910453760053 0.21572547774929987 2.5 0.75
19.51921021768075 -10.350646291105827 0.46819249651033923 2.5 0.75
19.629276826183627 -10.294986257890072 0.3175765311055366 2.5 0.75
19.730876819326753 -10.261590142367504 2.6482505880723913e-06 2.5 0.75
19.832476900091685 -10.26158987330503 0.2571405575071587 2.5 0.75
19.917143574778134 -10.239325749889666 0.21572555251007575 2.5 0.75
20.01874359555392 -10.217061579940985 0.37570576359569335 2.5 0.75
20.103410239857222 -10.183665506328689 0.2571405999805869 2.5 0.75
20.188076912578733 -10.161401379585278 0.37570580713209184 2.5 0.75
20.272743554626864 -10.128005302602938 0.34430131384577045 2.5 0.75
20.365876869592626 -10.09460920284553 0.44598361545702137 2.5 0.75
20.459010152666078 -10.0500811506619 0.4841694697548792 2.5 0.75
20.543676761286257 -10.00555312289759 0.44598362812910536 2.5 0.75
20.636810043106816 -9.961025069863007 0.34430137930493415 2.5 0.75
20.729943354497824 -9.927628964507127 0.581561192232483 2.5 0.75
20.831543244584186 -9.860836987215224 0.44598367508595443 2.5 0.75
20.924676521387337 -9.816308931206594 0.3175767242014607 2.5 0.75
21.026276502253484 -9.782912797981265 0.2346529810757237 2.5 0.75
21.119409841090608 -9.76064863789834 0.21572572638606222 2.5 0.75
21.221009851751422 -9.738384451652088 0.31757675742591895 2.5 0.75
21.322609830077596 -9.704988315521332 0.34430148572516284 2.5 0.75
21.41574313399101 -9.671592201661113 0.27462623297816074 2.5 0.75
21.534276455814833 -9.638196014766296 0.4130555925629366 2.5 0.75
21.610476414040498 -9.604799946399048 0.29458931569547064 2.5 0.75
21.72054306072851 -9.571403780796924 0.5386813749470044 2.5 0.75
21.813676297911492 -9.515743762399111 0.44598381407080506 2.5 0.75
21.906809565436625 -9.471215694923393 0.3443015678936798 2.5 0.75
21.999942863913535 -9.437819574375998 0.2346531338463336 2.5 0.75
22.093076195744207 -9.415555400926872 0.3844278992316675 2.5 0.75
22.203142804397462 -9.371027279048551 0.3175769128958606 2.5 0.75
22.304742773470768 -9.337631128456838 0.3175769211180241 2.5 0.75
22.406342741270223 -9.304234977358213 0.3175769211180241 2.5 0.75
