-2.00 10.00 3.71 2.50 0.50
-2.26 9.85 3.68 2.50 0.50
-2.52 9.69 3.68 2.50 0.50
-2.77 9.54 3.68 2.50 0.50
-3.03 9.39 3.68 2.50 0.50
-3.29 9.23 3.68 2.50 0.50
-3.55 9.08 3.68 2.50 0.50
-3.80 8.93 3.68 2.50 0.50
-4.06 8.77 3.68 2.50 0.50
-4.32 8.62 3.68 2.50 0.50
-4.58 8.47 3.68 2.50 0.50
-4.84 8.31 3.68 2.50 0.50
-5.09 8.16 3.68 2.50 0.50
-5.35 8.01 3.68 2.50 0.50
-5.61 7.85 3.68 2.50 0.50
-5.87 7.70 3.68 2.50 0.50
-6.13 7.55 3.68 2.50 0.50
-6.38 7.39 3.68 2.50 0.50
-6.64 7.24 3.68 2.50 0.50
-6.90 7.09 3.68 2.50 0.50
-7.16 6.93 3.68 2.50 0.50
-7.42 6.78 3.68 2.50 0.50
-7.67 6.63 3.68 2.50 0.50
-7.93 6.47 3.68 2.50 0.50
-8.19 6.32 3.68 2.50 0.50
-8.45 6.17 3.68 2.50 0.50
-8.70 6.01 3.68 2.50 0.50
-8.96 5.86 3.68 2.50 0.50
-9.22 5.71 3.68 2.50 0.50
-9.48 5.55 3.68 2.50 0.50
-9.74 5.40 3.68 2.50 0.50
-9.99 5.25 3.68 2.50 0.50
-10.25 5.09 3.68 2.50 0.50
-10.51 4.94 3.68 2.50 0.50
-10.77 4.79 3.68 2.50 0.50
-11.03 4.63 3.68 2.50 0.50
-11.28 4.48 3.68 2.50 0.50
-11.54 4.33 3.68 2.50 0.50
-11.80 4.18 3.68 2.50 0.50
-12.06 4.02 3.68 2.50 0.50
-12.32 3.87 3.68 2.50 0.50
-12.57 3.72 3.68 2.50 0.50
-12.83 3.56 3.68 2.50 0.50
-13.09 3.41 3.68 2.50 0.50
-13.35 3.26 3.68 2.50 0.50
-13.60 3.10 3.68 2.50 0.50
-13.86 2.95 3.68 2.50 0.50
-14.12 2.80 3.68 2.50 0.50
-14.38 2.64 3.68 2.50 0.50
-14.64 2.49 3.68 2.50 0.50
-14.89 2.34 3.68 2.50 0.50
-15.15 2.18 3.68 2.50 0.50
-15.41 2.03 3.68 2.50 0.50
-15.67 1.88 3.68 2.50 0.50
-15.93 1.72 3.68 2.50 0.50
-16.18 1.57 3.68 2.50 0.50
-16.44 1.42 3.68 2.50 0.50
-16.70 1.26 3.68 2.50 0.50
-16.96 1.11 3.68 2.50 0.50
-17.22 0.96 3.68 2.50 0.50
-17.47 0.80 3.68 2.50 0.50
-17.73 0.65 3.68 2.50 0.50
-17.99 0.50 3.68 2.50 0.50
-18.25 0.34 3.68 2.50 0.50
-18.50 0.19 3.68 2.50 0.50
-18.76 0.04 3.68 2.50 0.50
-19.02 -0.12 3.68 2.50 0.50
-19.28 -0.27 3.68 2.50 0.50
-19.54 -0.42 3.68 2.50 0.50
-19.79 -0.58 3.68 2.50 0.50
-20.05 -0.73 3.68 2.50 0.50
-20.31 -0.88 3.68 2.50 0.50
-20.57 -1.04 3.68 2.50 0.50
-20.83 -1.19 3.68 2.50 0.50
-21.08 -1.34 3.68 2.50 0.50
-21.34 -1.50 3.68 2.50 0.50
-21.60 -1.65 3.68 2.50 0.50
-21.86 -1.80 3.68 2.50 0.50
-22.12 -1.96 3.68 2.50 0.50
-22.37 -2.11 3.68 2.50 0.50
-22.63 -2.26 3.68 2.50 0.50
-22.89 -2.42 3.68 2.50 0.50
-23.15 -2.57 3.68 2.50 0.50
-23.40 -2.72 3.68 2.50 0.50
-23.66 -2.88 3.68 2.50 0.50
-23.92 -3.03 3.68 2.50 0.50
-24.18 -3.18 3.68 2.50 0.50
-24.44 -3.34 3.68 2.50 0.50
-24.69 -3.49 3.68 2.50 0.50
-24.95 -3.64 3.68 2.50 0.50
-25.21 -3.80 3.68 2.50 0.50
-25.47 -3.95 3.68 2.50 0.50
-25.73 -4.10 3.68 2.50 0.50
-25.98 -4.25 3.68 2.50 0.50
-26.24 -4.41 3.68 2.50 0.50
-26.50 -4.56 3.68 2.50 0.50
-26.76 -4.71 3.68 2.50 0.50
-27.01 -4.87 3.68 2.50 0.50
-27.27 -5.02 3.68 2.50 0.50
-27.53 -5.17 3.68 2.50 0.50
-27.79 -5.33 3.68 2.50 0.50
-28.05 -5.48 3.68 2.50 0.50
-28.30 -5.63 3.68 2.50 0.50
-28.56 -5.79 3.68 2.50 0.50
-28.82 -5.94 3.68 2.50 0.50
-29.08 -6.09 3.68 2.50 0.50
-29.34 -6.25 3.68 2.50 0.50
-29.59 -6.40 3.68 2.50 0.50
-29.85 -6.55 3.68 2.50 0.50
-30.11 -6.71 3.68 2.50 0.50
-30.37 -6.86 3.68 2.50 0.50
-30.63 -7.01 3.68 2.50 0.50
-30.88 -7.17 3.68 2.50 0.50
-31.14 -7.32 3.68 2.50 0.50
-31.40 -7.47 3.68 2.50 0.50
-31.66 -7.63 3.68 2.50 0.50
-31.91 -7.78 3.68 2.50 0.50
-32.17 -7.93 3.68 2.50 0.50