5.0 0.0 0.0
6.5 0.0 0.0
8.0 0.0 0.0
9.5 0.0 0.0
11.0 0.0 0.0
12.5 0.0 0.0
14.0 0.0 0.0
15.5 0.0 0.0
17.0 0.0 0.0
18.5 0.0 0.0
20.0 0.0 0.0
20.0 0.0 0.0
21.35881855911887 -0.5568999476805208 5.756146469451273
22.806925562494488 -0.7173828599057284 0.30629449560502
23.899436179269266 0.24656174979764325 1.1396278289383535
23.920564206913838 1.7033809783876703 1.9729611622716865
22.856467079102124 2.6986025421234356 2.8062944956050204
21.40431517618914 2.5801816435962364 3.6396278289383535
20.051381636617872 2.0006516391616906 3.16854861870675
20.0 2.0 3.14
18.500000001212022 2.0000018270107613 3.1415929580915862
17.00000000121209 2.000001370258072 3.1415929580915862
15.500000001212161 2.0000009135053824 3.1415929580915862
14.00000000121223 2.000000456752693 3.1415929580915862
12.5000000012123 2.0000000000000036 3.1415929580915862
11.000000001212367 1.9999995432473139 3.1415929580915862
9.500000001212438 1.9999990864946244 3.1415929580915862
8.000000001212507 1.999998629741935 3.1415929580915862
6.500000001212577 1.9999981729892455 3.1415929580915862
5.000000002424597 1.9999999999961444 3.140000001347
5.0 2.0 3.14
3.640473417321676 1.4450072251050567 3.668176447645103
2.192293537140697 1.2851832814020026 2.83484311431177
1.1002216703567655 2.249624931332599 2.0015097809784366
1.079756561249432 3.706453623269649 1.1681764476451035
2.14430644815283 4.701190873319006 0.3348431143117696
3.596404314042319 4.582109194539347 5.784695088158023
4.948619466383055 4.0007334714486475 6.254636688472837
5.0 4.0 0.0
6.5 4.0 0.0
8.0 4.0 0.0
9.5 4.0 0.0
11.0 4.0 0.0
12.5 4.0 0.0
14.0 4.0 0.0
15.5 4.0 0.0
17.0 4.0 0.0
18.5 4.0 0.0
20.0 4.0 0.0
20.0 4.0 0.0
21.35881855911887 3.4431000523194792 5.756146469451273
22.806925562494488 3.2826171400942714 0.30629449560502
23.899436179269266 4.246561749797643 1.1396278289383535
23.920564206913838 5.7033809783876706 1.9729611622716865
22.856467079102124 6.698602542123435 2.8062944956050204
21.40431517618914 6.580181643596236 3.6396278289383535
20.051381636617872 6.00065163916169 3.16854861870675
20.0 6.0 3.14
18.500000001212022 6.000001827010761 3.1415929580915862
17.00000000121209 6.0000013702580715 3.1415929580915862
15.500000001212161 6.0000009135053824 3.1415929580915862
14.00000000121223 6.000000456752693 3.1415929580915862
12.5000000012123 6.0000000000000036 3.1415929580915862
11.000000001212367 5.999999543247314 3.1415929580915862
9.500000001212438 5.999999086494625 3.1415929580915862
8.000000001212507 5.999998629741935 3.1415929580915862
6.500000001212577 5.999998172989246 3.1415929580915862
5.000000002424597 5.999999999996144 3.140000001347
