21.5 3.3 1.64
21.49606035994631 4.299889133665271 1.5698114443975009
21.49704524218448 5.299888648668642 1.5698114443975009
21.498030124422655 6.299888163672012 1.5698114443975009
21.49901500666083 7.299887678675383 1.5698114443975009
21.499999888899005 8.299887193678753 1.5698114443975009
21.50098477113718 9.299886708682124 1.5698114443975009
21.501969653375355 10.299886223685494 1.5698114443975009
21.502954535613526 11.299885738688866 1.5698114443975009
21.5039394178517 12.299885253692239 1.5698114443975009
21.50001558807694 13.299774926399529 1.6398871936240431
21.5 13.3 1.64
21.189448100634944 14.2396260014909 2.1399999999999997
20.46643246733895 14.91533888348044 2.6399999999999997
19.687635464151487 15.527261090668457 2.2295806797704936
19.294268969542504 16.435337247054065 1.7295806797704936
19.38441229381052 17.420838990313268 1.2295806797704936
19.935995207316385 18.24248112312134 0.7295806797704936
20.81397097570723 18.699096995595696 0.22958067977049357
21.80338051040559 18.678891117119324 6.01276598695008
22.66198185045343 18.186810591447895 5.51276598695008
23.179559443038453 17.34333389317407 5.01276598695008
23.229392242346247 16.354973535313555 4.51276598695008
22.799279441126632 15.463714603743142 4.01276598695008
22.049459729571026 14.806304345798639 3.956971493620956
21.570314686636216 13.940417787000074 4.456971493620956
21.51 13.3 4.78
21.51375796212442 12.300103379818186 4.711449514410438
21.51281849628836 11.300103821116311 4.711449514410438
21.511879030452306 10.300104262414436 4.711449514410438
21.510939564616248 9.300104703712563 4.711449514410438
21.51000009878019 8.30010514501069 4.711449514410438
21.509060632944134 7.300105586308815 4.711449514410438
21.508121167108076 6.300106027606941 4.711449514410438
21.507181701272017 5.300106468905067 4.711449514410438
21.506242235435963 4.300106910203192 4.711449514410438
21.509985803931027 3.300209810399421 4.779894854942912
21.51 3.3 4.78
21.819055007408956 2.3598805888226373 5.28
22.540993547631924 1.6830170508641027 5.78
23.31879349921782 1.0698290232221543 5.36954310406785
23.710679099417984 0.161112796211337 4.86954310406785
23.618929301836552 -0.824240683267365 4.36954310406785
23.06600765680751 -1.6449825180335722 3.869543104067849
22.1872886668505 -2.100166482564336 3.369543104067849
21.197913387103142 -2.078347667246777 2.869543104067849
20.340115391716783 -1.5848680790284213 2.369543104067849
19.82391354671296 -0.7405487318074391 1.8695431040678492
19.775692066917333 0.24789155154979925 1.3695431040678496
20.20725725236678 1.1384481166173996 0.8695431040678496
20.956469523344097 1.7966079064344458 0.8195534969301761
21.431995622275632 2.664487180361398 1.319553496930176
21.49 3.3 1.64
21.486060359946308 4.299889133665271 1.5698114443975009
21.48704524218448 5.299888648668642 1.5698114443975009
21.488030124422654 6.299888163672012 1.5698114443975009
21.48901500666083 7.299887678675383 1.5698114443975009
21.489999888899003 8.299887193678753 1.5698114443975009
21.490984771137178 9.299886708682124 1.5698114443975009
21.491969653375353 10.299886223685494 1.5698114443975009
21.492954535613524 11.299885738688866 1.5698114443975009
21.4939394178517 12.299885253692239 1.5698114443975009
21.49001558807694 13.299774926399529 1.6398871936240431
21.49 13.3 1.64
21.179448100634943 14.2396260014909 2.1399999999999997
20.45643246733895 14.91533888348044 2.6399999999999997
19.677635464151486 15.527261090668457 2.2295806797704936
19.284268969542502 16.435337247054065 1.7295806797704936
19.37441229381052 17.420838990313268 1.2295806797704936
19.925995207316383 18.24248112312134 0.7295806797704936
20.80397097570723 18.699096995595696 0.22958067977049357
21.793380510405587 18.678891117119324 6.01276598695008
22.651981850453428 18.186810591447895 5.51276598695008
23.16955944303845 17.34333389317407 5.01276598695008
23.219392242346245 16.354973535313555 4.51276598695008
22.78927944112663 15.463714603743142 4.01276598695008
22.039459729571025 14.806304345798639 3.956971493620956
21.560314686636215 13.940417787000074 4.456971493620956
21.5 13.3 4.78
21.503757962124418 12.300103379818186 4.711449514410438
21.50281849628836 11.300103821116311 4.711449514410438
21.501879030452304 10.300104262414436 4.711449514410438
21.500939564616246 9.300104703712563 4.711449514410438
21.500000098780188 8.30010514501069 4.711449514410438
21.499060632944133 7.300105586308815 4.711449514410438
21.498121167108074 6.300106027606941 4.711449514410438
21.497181701272016 5.300106468905067 4.711449514410438
21.49624223543596 4.300106910203192 4.711449514410438
21.499985803931025 3.300209810399421 4.779894854942912
