7.7 -3.0 0.29
8.63960664237464 -2.6579651628598526 0.3530881779331327
9.5779159481414 -2.31216804501255 0.3530881779331327
10.516225253908159 -1.9663709271652468 0.3530881779331327
11.454534559674919 -1.620573809317944 0.3530881779331327
12.39284386544168 -1.274776691470641 0.3530881779331327
13.331153171208438 -0.9289795736233382 0.3530881779331327
14.2694624769752 -0.5831824557760354 0.3530881779331327
15.091013575263528 -0.031404124290779656 0.8412944161534535
15.547560288934797 0.8466076086108845 1.3412944161534535
15.6 1.3 1.57
15.537250776638745 2.2979340354459428 1.6382494168619839
15.469848825956328 3.2956599382089236 1.6382494168619839
15.40244687527391 4.293385840971904 1.6382494168619839
15.335044924591493 5.291111743734885 1.6382494168619839
15.267642973909075 6.288837646497865 1.6382494168619839
15.200241023226658 7.286563549260847 1.6382494168619839
15.132839072544241 8.284289452023827 1.6382494168619839
15.065437121861823 9.28201535478681 1.6382494168619839
14.998035171179406 10.279741257549789 1.6382494168619839
14.930633220496988 11.27746716031277 1.6382494168619839
