7.7 -3.0 0.29
7.888959197761231 -2.934602857137695 0.3530881779331327
8.076621058914583 -2.865443433568234 0.3530881779331327
8.264282920067936 -2.796284009998774 0.3530881779331327
8.451944781221288 -2.727124586429313 0.3530881779331327
8.63960664237464 -2.6579651628598526 0.3530881779331327
8.827268503527991 -2.588805739290392 0.3530881779331327
9.014930364681343 -2.5196463157209315 0.3530881779331327
9.202592225834696 -2.4504868921514706 0.3530881779331327
9.390254086988048 -2.3813274685820103 0.3530881779331327
9.5779159481414 -2.31216804501255 0.3530881779331327
9.76557780929475 -2.243008621443089 0.3530881779331327
9.953239670448102 -2.1738491978736287 0.3530881779331327
10.140901531601456 -2.104689774304168 0.3530881779331327
10.328563392754807 -2.0355303507347076 0.3530881779331327
10.516225253908159 -1.9663709271652468 0.3530881779331327
10.703887115061512 -1.8972115035957862 0.3530881779331327
10.891548976214864 -1.8280520800263254 0.3530881779331327
11.079210837368215 -1.7588926564568648 0.3530881779331327
11.266872698521567 -1.6897332328874042 0.3530881779331327
11.454534559674919 -1.6205738093179438 0.3530881779331327
11.642196420828272 -1.551414385748483 0.3530881779331327
11.829858281981625 -1.4822549621790224 0.3530881779331327
12.017520143134977 -1.4130955386095618 0.3530881779331327
12.205182004288329 -1.3439361150401012 0.3530881779331327
12.39284386544168 -1.2747766914706407 0.3530881779331327
12.580505726595032 -1.2056172679011798 0.3530881779331327
12.768167587748383 -1.1364578443317193 0.3530881779331327
12.955829448901735 -1.0672984207622587 0.3530881779331327
13.14349131005509 -0.9981389971927981 0.3530881779331327
13.331153171208442 -0.9289795736233373 0.3530881779331327
13.518815032361793 -0.8598201500538769 0.3530881779331327
13.706476893515145 -0.7906607264844161 0.3530881779331327
13.894138754668496 -0.7215013029149557 0.3530881779331327
14.081800615821848 -0.6523418793454949 0.3530881779331327
14.2694624769752 -0.5831824557760341 0.3530881779331327
14.45422110028264 -0.5068064715553144 0.44129441615345527
14.630492219325212 -0.41249226071053524 0.5412944161534554
14.796467007083805 -0.30105148000489024 0.6412944161534555
14.950487098343107 -0.17359760888176634 0.7412944161534556
15.09101357526353 -0.03140412429077699 0.8412944161534552
15.216642343739558 0.12410822347296158 0.9412944161534549
15.326118162643933 0.2913856064361413 1.0412944161534545
15.418347185782054 0.4687566442827453 1.1412944161534542
15.492407891241587 0.6544491042336809 1.2412944161534538
15.547560288934797 0.8466076086108845 1.3412944161534535
15.583253314334888 1.0433121731577755 1.441294416153453
15.59913033453061 1.2425973908872852 1.5412944161534528
15.6 1.3 1.57
15.591172337184679 1.4997533132355578 1.6382494168619839
15.577691947048196 1.6992984937881541 1.6382494168619839
15.564211556911712 1.8988436743407502 1.6382494168619839
15.550731166775229 2.0983888548933463 1.6382494168619839
15.537250776638745 2.2979340354459428 1.6382494168619839
15.523770386502262 2.4974792159985384 1.6382494168619839
15.510289996365778 2.697024396551135 1.6382494168619839
15.496809606229295 2.8965695771037305 1.6382494168619839
15.48332921609281 3.096114757656327 1.6382494168619839
15.469848825956328 3.295659938208923 1.6382494168619839
15.456368435819844 3.495205118761519 1.6382494168619839
15.442888045683361 3.6947502993141157 1.6382494168619839
15.429407655546877 3.894295479866712 1.6382494168619839
15.415927265410394 4.093840660419308 1.6382494168619839
15.40244687527391 4.293385840971904 1.6382494168619839
15.388966485137427 4.492931021524501 1.6382494168619839
15.375486095000943 4.692476202077097 1.6382494168619839
15.36200570486446 4.892021382629694 1.6382494168619839
15.348525314727976 5.0915665631822895 1.6382494168619839
15.335044924591493 5.291111743734886 1.6382494168619839
15.321564534455009 5.4906569242874825 1.6382494168619839
15.308084144318526 5.690202104840078 1.6382494168619839
15.294603754182042 5.889747285392674 1.6382494168619839
15.281123364045559 6.089292465945271 1.6382494168619839
15.267642973909075 6.288837646497867 1.6382494168619839
15.254162583772592 6.488382827050464 1.6382494168619839
15.240682193636108 6.68792800760306 1.6382494168619839
15.227201803499625 6.8874731881556555 1.6382494168619839
15.21372141336314 7.087018368708253 1.6382494168619839
15.200241023226658 7.2865635492608485 1.6382494168619839
15.186760633090174 7.486108729813446 1.6382494168619839
15.173280242953691 7.6856539103660415 1.6382494168619839
15.159799852817207 7.885199090918637 1.6382494168619839
15.146319462680724 8.084744271471235 1.6382494168619839
15.13283907254424 8.284289452023831 1.6382494168619839
15.119358682407757 8.483834632576428 1.6382494168619839
15.105878292271273 8.683379813129024 1.6382494168619839
15.09239790213479 8.88292499368162 1.6382494168619839
15.078917511998306 9.082470174234217 1.6382494168619839
15.065437121861823 9.282015354786813 1.6382494168619839
15.05195673172534 9.481560535339408 1.6382494168619839
15.038476341588856 9.681105715892004 1.6382494168619839
15.024995951452373 9.8806508964446 1.6382494168619839
15.011515561315889 10.080196076997195 1.6382494168619839
14.998035171179406 10.279741257549789 1.6382494168619839
14.984554781042922 10.479286438102385 1.6382494168619839
14.97107439090644 10.67883161865498 1.6382494168619839
14.957594000769955 10.878376799207576 1.6382494168619839
14.944113610633472 11.077921979760172 1.6382494168619839
14.930633220496988 11.277467160312767 1.6382494168619839
14.917152830360505 11.477012340865363 1.6382494168619839
14.903714493866113 11.676560270972717 1.631757615772934
