7.7 -3.0 0.35 2.5 0.75
7.7928972551205264 -2.963006287397198 0.38871448400433495 2.5 0.75
7.885436958498721 -2.9251063758052727 0.38871448400433495 2.5 0.75
7.977976661876915 -2.8872064642133473 0.38871448400433495 2.5 0.75
8.07051636525511 -2.8493065526214214 0.38871448400433495 2.5 0.75
8.163056068633304 -2.811406641029496 0.38871448400433495 2.5 0.75
8.2555957720115 -2.7735067294375706 0.38871448400433495 2.5 0.75
8.348135475389693 -2.735606817845645 0.38871448400433495 2.5 0.75
8.440675178767888 -2.69770690625372 0.38871448400433495 2.5 0.75
8.533214882146083 -2.6598069946617944 0.38871448400433495 2.5 0.75
8.625754585524277 -2.6219070830698685 0.38871448400433495 2.5 0.75
8.718294288902472 -2.584007171477943 0.38871448400433495 2.5 0.75
8.810833992280667 -2.5461072598860177 0.38871448400433495 2.5 0.75
8.90337369565886 -2.508207348294092 0.38871448400433495 2.5 0.75
8.995913399037056 -2.4703074367021665 0.38871448400433495 2.5 0.75
9.08845310241525 -2.432407525110241 0.38871448400433495 2.5 0.75
9.180992805793444 -2.394507613518315 0.38871448400433495 2.5 0.75
9.27353250917164 -2.3566077019263902 0.38871448400433495 2.5 0.75
9.366072212549835 -2.3187077903344644 0.38871448400433495 2.5 0.75
9.458611915928028 -2.280807878742539 0.38871448400433495 2.5 0.75
9.551151619306223 -2.2429079671506136 0.38871448400433495 2.5 0.75
9.643691322684418 -2.205008055558688 0.38871448400433495 2.5 0.75
9.736231026062612 -2.1671081439667623 0.38871448400433495 2.5 0.75
9.828770729440807 -2.129208232374837 0.38871448400433495 2.5 0.75
9.921310432819002 -2.091308320782911 0.38871448400433495 2.5 0.75
10.013850136197195 -2.0534084091909857 0.38871448400433495 2.5 0.75
10.10638983957539 -2.0155084975990603 0.38871448400433495 2.5 0.75
10.198929542953586 -1.9776085860071346 0.38871448400433495 2.5 0.75
10.29146924633178 -1.9397086744152092 0.38871448400433495 2.5 0.75
10.384008949709976 -1.9018087628232836 0.38871448400433495 2.5 0.75
10.47654865308817 -1.863908851231358 0.38871448400433495 2.5 0.75
10.569088356466363 -1.8260089396394328 0.38871448400433495 2.5 0.75
10.66162805984456 -1.7881090280475072 0.38871448400433495 2.5 0.75
10.754167763222753 -1.7502091164555815 0.38871448400433495 2.5 0.75
10.846707466600948 -1.712309204863656 0.38871448400433495 2.5 0.75
10.939247169979144 -1.6744092932717303 0.38871448400433495 2.5 0.75
11.031786873357337 -1.636509381679805 0.38871448400433495 2.5 0.75
11.124326576735532 -1.5986094700878792 0.38871448400433495 2.5 0.75
11.216866280113727 -1.5607095584959536 0.38871448400433495 2.5 0.75
11.30940598349192 -1.5228096469040284 0.38871448400433495 2.5 0.75
11.401945686870114 -1.4849097353121032 0.38871448400433495 2.5 0.75
11.49448539024831 -1.4470098237201774 0.38871448400433495 2.5 0.75
11.587025093626504 -1.4091099121282522 0.38871448400433495 2.5 0.75
11.679564797004698 -1.371210000536327 0.38871448400433495 2.5 0.75
11.772104500382891 -1.3333100889444018 0.38871448400433495 2.5 0.75
11.864644203761086 -1.295410177352476 0.38871448400433495 2.5 0.75
11.957183907139282 -1.2575102657605508 0.38871448400433495 2.5 0.75
12.049723610517475 -1.2196103541686256 0.38871448400433495 2.5 0.75
12.142263313895668 -1.1817104425767 0.38871448400433495 2.5 0.75
12.234803017273864 -1.1438105309847748 0.38871448400433495 2.5 0.75
12.327342720652059 -1.1059106193928496 0.38871448400433495 2.5 0.75
12.419882424030252 -1.0680107078009238 0.38871448400433495 2.5 0.75
12.512422127408446 -1.0301107962089986 0.38871448400433495 2.5 0.75
12.60496183078664 -0.992210884617073 0.38871448400433495 2.5 0.75
12.697501534164836 -0.9543109730251476 0.38871448400433495 2.5 0.75
12.79004123754303 -0.9164110614332226 0.38871448400433495 2.5 0.75
12.882580940921223 -0.8785111498412967 0.38871448400433495 2.5 0.75
12.975120644299416 -0.8406112382493713 0.38871448400433495 2.5 0.75
13.067660347677611 -0.8027113266574464 0.38871448400433495 2.5 0.75
13.160200051055806 -0.7648114150655205 0.38871448400433495 2.5 0.75
13.252739754434 -0.7269115034735956 0.38871448400433495 2.5 0.75
13.345279457812193 -0.6890115918816702 0.38871448400433495 2.5 0.75
13.437819161190388 -0.6511116802897443 0.38871448400433495 2.5 0.75
13.530358864568583 -0.6132117686978193 0.38871448400433495 2.5 0.75
13.622898567946777 -0.5753118571058939 0.38871448400433495 2.5 0.75
13.71543827132497 -0.537411945513969 0.38871448400433495 2.5 0.75
13.807977974703164 -0.49951203392204313 0.38871448400433495 2.5 0.75
13.900517678081359 -0.46161212233011817 0.38871448400433495 2.5 0.75
13.993057381459554 -0.42371221073819276 0.38871448400433495 2.5 0.75
14.085597084837747 -0.3858122991462669 0.38871448400433495 2.5 0.75
14.178136788215943 -0.34791238755434195 0.38871448400433495 2.5 0.75
14.270676491594138 -0.3100124759624161 0.38871448400433495 2.5 0.75
14.36321619497233 -0.2721125643704907 0.38871448400433495 2.5 0.75
14.455755898350525 -0.23421265277856573 0.38871448400433495 2.5 0.75
14.548295601728718 -0.19631274118663988 0.38871448400433495 2.5 0.75
14.640835305106913 -0.15841282959471492 0.38871448400433495 2.5 0.75
14.733375008485108 -0.12051291800278952 0.38871448400433495 2.5 0.75
14.825914711863302 -0.08261300641086367 0.38871448400433495 2.5 0.75
14.918454415241495 -0.0447130948189387 0.38871448400433495 2.5 0.75
15.01099411861969 -0.0068131832270132975 0.38871448400433495 2.5 0.75
15.103533821997884 0.031086728364911664 0.38871448400433495 2.5 0.75
15.196073525376079 0.06898663995683751 0.38871448400433495 2.5 0.75
15.288613228754272 0.10688655154876292 0.38871448400433495 2.5 0.75
15.381152932132466 0.14478646314068788 0.38871448400433495 2.5 0.75
15.47369263551066 0.18268637473261373 0.38871448400433495 2.5 0.75
15.566232338888856 0.2205862863245387 0.38871448400433495 2.5 0.75
15.65877204226705 0.2584861979164641 0.38871448400433495 2.5 0.75
15.751311745645243 0.29638610950838995 0.38871448400433495 2.5 0.75
15.843851449023436 0.3342860211003149 0.38871448400433495 2.5 0.75
15.936391152401633 0.3721859326922403 0.38871448400433495 2.5 0.75
16.028930855779826 0.4100858442841657 0.38871448400433495 2.5 0.75
16.12147055915802 0.44798575587609113 0.38871448400433495 2.5 0.75
16.214010262536213 0.4858856674680161 0.38871448400433495 2.5 0.75
16.30654996591441 0.5237855790599419 0.38871448400433495 2.5 0.75
16.399089669292604 0.5616854906518673 0.38871448400433495 2.5 0.75
16.491629372670797 0.5995854022437923 0.38871448400433495 2.5 0.75
16.58416907604899 0.6374853138357177 0.38871448400433495 2.5 0.75
16.676708779427187 0.6753852254276436 0.38871448400433495 2.5 0.75
16.76924848280538 0.7132851370195685 0.38871448400433495 2.5 0.75
16.861788186183574 0.7511850486114939 0.38871448400433495 2.5 0.75
16.954327889561768 0.7890849602034193 0.38871448400433495 2.5 0.75
17.046867592939964 0.8269848717953447 0.38871448400433495 2.5 0.75
17.139407296318158 0.8648847833872697 0.38871448400433495 2.5 0.75
17.23194699969635 0.9027846949791956 0.38871448400433495 2.5 0.75
17.324486703074545 0.940684606571121 0.38871448400433495 2.5 0.75
17.417026406452738 0.9785845181630459 0.38871448400433495 2.5 0.75
17.50956610983093 1.0164844297549713 0.38871448400433495 2.5 0.75
17.60210581320913 1.0543843413468963 0.38871448400433495 2.5 0.75
17.69464551658732 1.0922842529388221 0.38871448400433495 2.5 0.75
17.787185219965515 1.130184164530747 0.38871448400433495 2.5 0.75
17.87972492334371 1.168084076122673 0.38871448400433495 2.5 0.75
17.972264626721902 1.205983987714598 0.38871448400433495 2.5 0.75
18.0648043301001 1.2438838993065238 0.38871448400433495 2.5 0.75
18.157344033478292 1.2817838108984487 0.38871448400433495 2.5 0.75
18.24988373685649 1.3196837224903737 0.38871448400433495 2.5 0.75
18.342423440234683 1.3575836340822995 0.38871448400433495 2.5 0.75
18.434963143612876 1.3954835456742245 0.38871448400433495 2.5 0.75
18.52750284699107 1.4333834572661504 0.38871448400433495 2.5 0.75
18.620042550369263 1.4712833688580753 0.38871448400433495 2.5 0.75
18.71258225374746 1.5091832804500012 0.38871448400433495 2.5 0.75
18.805121957125653 1.5470831920419261 0.38871448400433495 2.5 0.75
18.89766166050385 1.584983103633852 0.38871448400433495 2.5 0.75
18.99020136388204 1.622883015225777 0.38871448400433495 2.5 0.75
19.082741067260233 1.660782926817702 0.38871448400433495 2.5 0.75
19.17528077063843 1.6986828384096277 0.38871448400433495 2.5 0.75
19.266895084132436 1.738719676623548 0.4485723000450109 2.5 0.75
19.355245790406073 1.7855088068457947 0.5254953769680876 2.5 0.75
19.43973961748203 1.838949083716928 0.6024184538911642 2.5 0.75
19.519876848368174 1.8987244484745407 0.6793415308142409 2.5 0.75
19.595183532039187 1.9644813751095285 0.7562646077373175 2.5 0.75
19.665214286497896 2.035830961204674 0.8331876846603942 2.5 0.75
19.72955493287248 2.1123512279978947 0.9101107615834708 2.5 0.75
19.787824944970783 2.1935896160670154 0.9870338385065475 2.5 0.75
19.839679699804528 2.2790656618759844 1.0639569154296242 2.5 0.75
19.8848125157733 2.368273839352792 1.1408799923527009 2.5 0.75
19.92295646645393 2.4606865496933032 1.2178030692757775 2.5 0.75
19.953885959268078 2.5557572417085836 1.2947261461988542 2.5 0.75
19.97741806969154 2.6529236442612287 1.3716492231219308 2.5 0.75
19.993413623114215 2.7516110916732863 1.4485723000450075 2.5 0.75
20.00177801795252 2.851235922438481 1.5254953769680841 2.5 0.75
20.002461785146124 2.9512089311379794 1.6024184538911608 2.5 0.75
20.0 3.0 1.64 2.5 0.75
19.996893014238367 3.099928206950711 1.5703108657535172 2.5 0.75
19.9969415603406 3.19992819516709 1.5703108657535172 2.5 0.75
19.99699010644283 3.2999281833834693 1.5703108657535172 2.5 0.75
19.99703865254506 3.399928171599848 1.5703108657535172 2.5 0.75
19.997087198647293 3.4999281598162275 1.5703108657535172 2.5 0.75
19.99713574474952 3.5999281480326064 1.5703108657535172 2.5 0.75
19.997184290851752 3.6999281362489853 1.5703108657535172 2.5 0.75
19.997232836953984 3.7999281244653647 1.5703108657535172 2.5 0.75
19.997281383056215 3.8999281126817436 1.5703108657535172 2.5 0.75
19.997329929158447 3.999928100898123 1.5703108657535172 2.5 0.75
19.99737847526068 4.099928089114502 1.5703108657535172 2.5 0.75
19.99742702136291 4.199928077330881 1.5703108657535172 2.5 0.75
19.99747556746514 4.2999280655472605 1.5703108657535172 2.5 0.75
19.997524113567373 4.39992805376364 1.5703108657535172 2.5 0.75
19.9975726596696 4.499928041980018 1.5703108657535172 2.5 0.75
19.997621205771832 4.5999280301963985 1.5703108657535172 2.5 0.75
19.997669751874064 4.699928018412777 1.5703108657535172 2.5 0.75
19.997718297976295 4.799928006629156 1.5703108657535172 2.5 0.75
19.997766844078527 4.899927994845536 1.5703108657535172 2.5 0.75
19.997815390180758 4.999927983061914 1.5703108657535172 2.5 0.75
19.99786393628299 5.0999279712782934 1.5703108657535172 2.5 0.75
19.99791248238522 5.199927959494673 1.5703108657535172 2.5 0.75
19.997961028487452 5.299927947711052 1.5703108657535172 2.5 0.75
19.998009574589684 5.3999279359274315 1.5703108657535172 2.5 0.75
19.998058120691912 5.49992792414381 1.5703108657535172 2.5 0.75
19.998106666794143 5.59992791236019 1.5703108657535172 2.5 0.75
19.998155212896375 5.699927900576569 1.5703108657535172 2.5 0.75
19.998203758998606 5.799927888792947 1.5703108657535172 2.5 0.75
19.998252305100838 5.899927877009327 1.5703108657535172 2.5 0.75
19.99830085120307 5.999927865225706 1.5703108657535172 2.5 0.75
19.9983493973053 6.099927853442085 1.5703108657535172 2.5 0.75
19.998397943407532 6.1999278416584644 1.5703108657535172 2.5 0.75
19.998446489509764 6.299927829874843 1.5703108657535172 2.5 0.75
19.99849503561199 6.399927818091223 1.5703108657535172 2.5 0.75
19.998543581714223 6.499927806307602 1.5703108657535172 2.5 0.75
19.998592127816455 6.599927794523982 1.5703108657535172 2.5 0.75
19.998640673918686 6.69992778274036 1.5703108657535172 2.5 0.75
19.998689220020918 6.7999277709567405 1.5703108657535172 2.5 0.75
19.99873776612315 6.899927759173119 1.5703108657535172 2.5 0.75
19.99878631222538 6.999927747389497 1.5703108657535172 2.5 0.75
19.998834858327612 7.099927735605876 1.5703108657535172 2.5 0.75
19.998883404429844 7.199927723822254 1.5703108657535172 2.5 0.75
19.998931950532075 7.299927712038634 1.5703108657535172 2.5 0.75
19.998980496634303 7.399927700255012 1.5703108657535172 2.5 0.75
19.999029042736534 7.4999276884713915 1.5703108657535172 2.5 0.75
19.999077588838766 7.59992767668777 1.5703108657535172 2.5 0.75
19.999126134940997 7.699927664904148 1.5703108657535172 2.5 0.75
19.99917468104323 7.799927653120527 1.5703108657535172 2.5 0.75
19.99922322714546 7.899927641336906 1.5703108657535172 2.5 0.75
19.999271773247692 7.999927629553285 1.5703108657535172 2.5 0.75
19.999320319349923 8.099927617769662 1.5703108657535172 2.5 0.75
19.999368865452155 8.199927605986042 1.5703108657535172 2.5 0.75
19.999417411554386 8.299927594202423 1.5703108657535172 2.5 0.75
19.999465957656614 8.399927582418801 1.5703108657535172 2.5 0.75
19.999514503758846 8.49992757063518 1.5703108657535172 2.5 0.75
19.999563049861077 8.599927558851558 1.5703108657535172 2.5 0.75
19.99961159596331 8.699927547067936 1.5703108657535172 2.5 0.75
19.99966014206554 8.799927535284315 1.5703108657535172 2.5 0.75
19.99970868816777 8.899927523500693 1.5703108657535172 2.5 0.75
19.999757234270003 8.999927511717072 1.5703108657535172 2.5 0.75
19.999805780372235 9.099927499933452 1.5703108657535172 2.5 0.75
19.999854326474466 9.199927488149829 1.5703108657535172 2.5 0.75
19.999902872576694 9.299927476366209 1.5703108657535172 2.5 0.75
19.999951418678926 9.39992746458259 1.5703108657535172 2.5 0.75
19.999999964781157 9.499927452798968 1.5703108657535172 2.5 0.75
20.00004851088339 9.599927441015346 1.5703108657535172 2.5 0.75
20.00009705698562 9.699927429231725 1.5703108657535172 2.5 0.75
20.00014560308785 9.799927417448103 1.5703108657535172 2.5 0.75
20.000194149190083 9.899927405664481 1.5703108657535172 2.5 0.75
20.000242695292314 9.99992739388086 1.5703108657535172 2.5 0.75
20.000291241394546 10.099927382097238 1.5703108657535172 2.5 0.75
20.000339787496777 10.199927370313617 1.5703108657535172 2.5 0.75
20.000388333599005 10.299927358529995 1.5703108657535172 2.5 0.75
20.000436879701237 10.399927346746376 1.5703108657535172 2.5 0.75
20.00048542580347 10.499927334962754 1.5703108657535172 2.5 0.75
20.0005339719057 10.599927323179132 1.5703108657535172 2.5 0.75
20.00058251800793 10.699927311395511 1.5703108657535172 2.5 0.75
20.000631064110163 10.799927299611891 1.5703108657535172 2.5 0.75
20.000679610212394 10.89992728782827 1.5703108657535172 2.5 0.75
20.000728156314626 10.999927276044648 1.5703108657535172 2.5 0.75
20.000776702416857 11.099927264261026 1.5703108657535172 2.5 0.75
20.000825248519085 11.199927252477405 1.5703108657535172 2.5 0.75
20.000873794621317 11.299927240693783 1.5703108657535172 2.5 0.75
20.000922340723548 11.399927228910162 1.5703108657535172 2.5 0.75
20.00097088682578 11.499927217126542 1.5703108657535172 2.5 0.75
20.00101943292801 11.599927205342919 1.5703108657535172 2.5 0.75
20.001067979030243 11.699927193559299 1.5703108657535172 2.5 0.75
20.001116525132474 11.799927181775677 1.5703108657535172 2.5 0.75
20.001165071234706 11.899927169992058 1.5703108657535172 2.5 0.75
20.001213617336937 11.999927158208434 1.5703108657535172 2.5 0.75
20.00126216343917 12.099927146424815 1.5703108657535172 2.5 0.75
20.001310709541396 12.199927134641193 1.5703108657535172 2.5 0.75
20.001359255643628 12.299927122857572 1.5703108657535172 2.5 0.75
20.00140780174586 12.39992711107395 1.5703108657535172 2.5 0.75
20.00145634784809 12.499927099290328 1.5703108657535172 2.5 0.75
20.001504893950322 12.599927087506709 1.5703108657535172 2.5 0.75
20.001553440052554 12.699927075723085 1.5703108657535172 2.5 0.75
20.001601986154785 12.799927063939466 1.5703108657535172 2.5 0.75
20.001650532257017 12.899927052155844 1.5703108657535172 2.5 0.75
20.00169907835925 12.999927040372222 1.5703108657535172 2.5 0.75
20.00174762446148 13.099927028588601 1.5703108657535172 2.5 0.75
20.001796170563708 13.19992701680498 1.5703108657535172 2.5 0.75
20.00184471666594 13.29992700502136 1.5703108657535172 2.5 0.75
20.00189326276817 13.399926993237738 1.5703108657535172 2.5 0.75
20.001941808870402 13.499926981454117 1.5703108657535172 2.5 0.75
20.001990354972634 13.599926969670495 1.5703108657535172 2.5 0.75
20.002038901074865 13.699926957886875 1.5703108657535172 2.5 0.75
20.002087447177097 13.799926946103252 1.5703108657535172 2.5 0.75
20.002135993279328 13.89992693431963 1.5703108657535172 2.5 0.75
20.00218453938156 13.99992692253601 1.5703108657535172 2.5 0.75
20.002233085483788 14.099926910752389 1.5703108657535172 2.5 0.75
20.00228163158602 14.199926898968766 1.5703108657535172 2.5 0.75
20.00233017768825 14.299926887185146 1.5703108657535172 2.5 0.75
20.002378723790482 14.399926875401524 1.5703108657535172 2.5 0.75
20.002427269892713 14.499926863617905 1.5703108657535172 2.5 0.75
20.002475815994945 14.599926851834283 1.5703108657535172 2.5 0.75
20.002524362097176 14.699926840050662 1.5703108657535172 2.5 0.75
20.002572908199408 14.799926828267042 1.5703108657535172 2.5 0.75
20.00262145430164 14.899926816483418 1.5703108657535172 2.5 0.75
20.00267000040387 14.999926804699797 1.5703108657535172 2.5 0.75
20.0027185465061 15.099926792916177 1.5703108657535172 2.5 0.75
20.00276709260833 15.199926781132556 1.5703108657535172 2.5 0.75
20.002815638710562 15.299926769348932 1.5703108657535172 2.5 0.75
20.002864184812793 15.399926757565312 1.5703108657535172 2.5 0.75
20.002912730915025 15.499926745781691 1.5703108657535172 2.5 0.75
20.002961277017256 15.59992673399807 1.5703108657535172 2.5 0.75
20.003009823119488 15.69992672221445 1.5703108657535172 2.5 0.75
20.00305836922172 15.799926710430826 1.5703108657535172 2.5 0.75
20.00310691532395 15.899926698647207 1.5703108657535172 2.5 0.75
20.000010024976284 15.999855252321934 1.6398883889083227 2.5 0.75
20.0 16.0 1.64 1.0 0.51
19.996927028498533 16.099928108418784 1.563076923076923 1.0 0.51
20.00154234331122 16.199796866672727 1.486153846153846 1.0 0.51
20.01381864834655 16.29901562669665 1.409230769230769 1.0 0.51
20.033683338558234 16.39699758467259 1.3323076923076922 1.0 0.51
20.061018929349032 16.49316325152996 1.2553846153846153 1.0 0.51
20.095663751403208 16.586943880184496 1.1784615384615384 1.0 0.51
20.13741290683805 16.67778482924648 1.1015384615384614 1.0 0.51
20.186019481019677 16.76514884330451 1.0246153846153847 1.0 0.51
20.241196002876077 16.848519230384305 0.9476923076923077 1.0 0.51
20.302616145070775 16.927402917790435 0.8707692307692307 1.0 0.51
20.369546415713035 17.001683261942127 0.8334375278242203 1.0 0.51
20.433867942014142 17.078219601417572 0.9103606047472973 1.0 0.51
20.4921176554381 17.159472545315207 0.9872836816703743 1.0 0.51
20.543951053047923 17.244961544012273 1.0642067585934514 1.0 0.51
20.589061579555 17.334180994830238 1.1411298355165282 1.0 0.51
20.62718244036143 17.426603232291694 1.2180529124396053 1.0 0.51
20.658088179448015 17.521681648862003 1.2949759893626822 1.0 0.51
20.68159601277584 17.618853927718867 1.3718990662857593 1.0 0.51
20.697566909315448 17.71754536843044 1.4488221432088362 1.0 0.51
20.70590641331004 17.817172285873113 1.525745220131913 1.0 0.51
20.70656520290977 17.917145462286932 1.60266829705499 1.0 0.51
20.699539381873123 18.01687363205238 1.679591373978067 1.0 0.51
20.68487050261022 18.115766978578705 1.7565144509011439 1.0 0.51
20.6626453204318 18.213240622622315 1.833437527824221 1.0 0.51
20.63299528045725 18.30871808140455 1.910360604747298 1.0 0.51
20.596095740216292 18.40163467807065 1.9872836816703752 1.0 0.51
20.552164932542 18.49144088132571 2.0642067585934516 1.0 0.51
20.501462674888884 18.577605555496056 2.141129835516529 1.0 0.51
20.444288832709436 18.659619101794487 2.218052912439606 1.0 0.51
20.380981545977082 18.73699647221112 2.2949759893626833 1.0 0.51
20.31191522934436 18.809280038205014 2.37189906628576 1.0 0.51
20.237498357763812 18.87604229723037 2.4488221432088366 1.0 0.51
20.158171050668024 18.93688840109032 2.525745220131914 1.0 0.51
20.07440246899653 18.991458491164934 2.602668297054991 1.0 0.51
19.986688040464195 19.039429826702424 2.6795913739780675 1.0 0.51
19.895546529481493 19.08051869358623 2.756514450901145 1.0 0.51
19.80151696905596 19.114482082289157 2.8334375278242216 1.0 0.51
19.705155472820188 19.141119125090647 2.910360604747299 1.0 0.51
19.6070319460409 19.160272284057243 2.987283681670376 1.0 0.51
19.507726715060937 19.171828282760124 3.0642067585934525 1.0 0.51
19.407827095108466 19.175718776219387 3.141129835516529 1.0 0.51
19.307923916772243 19.17192075511286 3.218052912439606 1.0 0.51
19.20860803168617 19.160456681858793 3.2949759893626824 1.0 0.51
19.11046681808938 19.141394357767673 3.371899066285759 1.0 0.51
19.014080706928848 19.114846522048833 3.4488221432088357 1.0 0.51
18.92001974904993 19.080970185043405 3.5257452201319124 1.0 0.51
18.82884024377738 19.039965699627082 3.602668297054989 1.0 0.51
18.74108144882617 18.992075576274594 3.6795913739780657 1.0 0.51
18.65726239100055 18.937583048793933 3.7565144509011423 1.0 0.51
18.577878796543605 18.876810399212893 3.833437527824219 1.0 0.51
18.50340015929197 18.81011705172497 3.9103606047472956 1.0 0.51
18.434266963975407 18.73789744696749 3.9872836816703723 1.0 0.51
18.370888081083212 18.66057870920398 4.064206758593449 1.0 0.51
18.313638348704984 18.578618120207643 4.141129835516526 1.0 0.51
18.262856355647195 18.49250041478603 4.218052912439602 1.0 0.51
18.218842438936864 18.40273491394177 4.294975989362679 1.0 0.51
18.181856907555506 18.3098525126246 4.3718990662857555 1.0 0.51
18.152118502908657 18.214402539889846 4.448822143208832 1.0 0.51
18.12980310513615 18.116949510033102 4.525745220131909 1.0 0.51
18.11504269291429 18.018069783915735 4.6026682970549855 1.0 0.51
18.107924562901932 17.918348160226927 4.679591373978062 1.0 0.51
18.10849081344688 17.81837441684235 4.756514450901139 1.0 0.51
18.116738095606035 17.71873982273472 4.833437527824215 1.0 0.51
18.13261763295186 17.62003364106565 4.910360604747292 1.0 0.51
18.156035510047996 17.52283964414035 4.987283681670369 1.0 0.51
18.186853227887966 17.427732660836593 5.064206758593445 1.0 0.51
18.224888523011852 17.335275176927265 5.141129835516522 1.0 0.51
18.269916445456673 17.246014008403048 5.218052912439599 1.0 0.51
18.321670689164986 17.16047706746999 5.294975989362675 1.0 0.51
18.379845166983557 17.07917024034864 5.371899066285752 1.0 0.51
18.444095820937026 17.0025743953402 5.448822143208829 1.0 0.51
18.514042657070245 16.931142538854754 5.525745220131905 1.0 0.51
18.588269296151875 16.864141885954343 5.534058875879485 1.0 0.51
18.658807568069058 16.793294005245446 5.457135798956409 1.0 0.51
18.72369278578482 16.717234958919693 5.380212722033332 1.0 0.51
18.782541202379978 16.636414578629523 5.303289645110255 1.0 0.51
18.83500477404174 16.551310855711566 5.226366568187179 1.0 0.51
18.880773218479263 16.46242711422993 5.149443491264102 1.0 0.51
18.919575850008393 16.37028903419556 5.072520414341025 1.0 0.51
18.951183180452475 16.27544154256714 4.995597337417949 1.0 0.51
18.9754082763911 16.178445590420832 4.918674260494872 1.0 0.51
18.992107864729707 16.079874835349532 4.8417511835717955 1.0 0.51
19.0 16.0 4.78 2.5 0.75
19.002964712521045 15.90006695044071 4.711925748932278 2.5 0.75
19.002918389377463 15.800066961169879 4.711925748932278 2.5 0.75
19.002872066233877 15.700066971899048 4.711925748932278 2.5 0.75
19.002825743090295 15.600066982628217 4.711925748932278 2.5 0.75
19.00277941994671 15.500066993357386 4.711925748932278 2.5 0.75
19.002733096803123 15.400067004086553 4.711925748932278 2.5 0.75
19.00268677365954 15.300067014815722 4.711925748932278 2.5 0.75
19.002640450515955 15.200067025544891 4.711925748932278 2.5 0.75
19.002594127372372 15.10006703627406 4.711925748932278 2.5 0.75
19.002547804228787 15.00006704700323 4.711925748932278 2.5 0.75
19.0025014810852 14.900067057732398 4.711925748932278 2.5 0.75
19.00245515794162 14.800067068461566 4.711925748932278 2.5 0.75
19.002408834798032 14.700067079190735 4.711925748932278 2.5 0.75
19.002362511654447 14.600067089919904 4.711925748932278 2.5 0.75
19.002316188510864 14.500067100649073 4.711925748932278 2.5 0.75
19.00226986536728 14.40006711137824 4.711925748932278 2.5 0.75
19.002223542223696 14.300067122107409 4.711925748932278 2.5 0.75
19.00217721908011 14.200067132836578 4.711925748932278 2.5 0.75
19.002130895936524 14.100067143565747 4.711925748932278 2.5 0.75
19.002084572792942 14.000067154294916 4.711925748932278 2.5 0.75
19.002038249649356 13.900067165024085 4.711925748932278 2.5 0.75
19.001991926505774 13.800067175753252 4.711925748932278 2.5 0.75
19.001945603362188 13.700067186482421 4.711925748932278 2.5 0.75
19.001899280218602 13.60006719721159 4.711925748932278 2.5 0.75
19.00185295707502 13.50006720794076 4.711925748932278 2.5 0.75
19.001806633931434 13.400067218669927 4.711925748932278 2.5 0.75
19.00176031078785 13.300067229399097 4.711925748932278 2.5 0.75
19.001713987644266 13.200067240128265 4.711925748932278 2.5 0.75
19.00166766450068 13.100067250857434 4.711925748932278 2.5 0.75
19.001621341357097 13.000067261586603 4.711925748932278 2.5 0.75
19.00157501821351 12.90006727231577 4.711925748932278 2.5 0.75
19.001528695069926 12.800067283044939 4.711925748932278 2.5 0.75
19.001482371926343 12.700067293774108 4.711925748932278 2.5 0.75
19.001436048782757 12.600067304503277 4.711925748932278 2.5 0.75
19.001389725639175 12.500067315232446 4.711925748932278 2.5 0.75
19.00134340249559 12.400067325961615 4.711925748932278 2.5 0.75
19.001297079352003 12.300067336690782 4.711925748932278 2.5 0.75
19.00125075620842 12.200067347419951 4.711925748932278 2.5 0.75
19.001204433064835 12.10006735814912 4.711925748932278 2.5 0.75
19.001158109921253 12.00006736887829 4.711925748932278 2.5 0.75
19.001111786777667 11.900067379607458 4.711925748932278 2.5 0.75
19.00106546363408 11.800067390336627 4.711925748932278 2.5 0.75
19.0010191404905 11.700067401065798 4.711925748932278 2.5 0.75
19.000972817346913 11.600067411794967 4.711925748932278 2.5 0.75
19.00092649420333 11.500067422524134 4.711925748932278 2.5 0.75
19.000880171059745 11.400067433253305 4.711925748932278 2.5 0.75
19.00083384791616 11.300067443982474 4.711925748932278 2.5 0.75
19.000787524772576 11.200067454711643 4.711925748932278 2.5 0.75
19.00074120162899 11.100067465440812 4.711925748932278 2.5 0.75
19.000694878485405 11.000067476169981 4.711925748932278 2.5 0.75
19.000648555341822 10.90006748689915 4.711925748932278 2.5 0.75
19.000602232198236 10.80006749762832 4.711925748932278 2.5 0.75
19.000555909054654 10.700067508357488 4.711925748932278 2.5 0.75
19.000509585911068 10.600067519086656 4.711925748932278 2.5 0.75
19.000463262767482 10.500067529815826 4.711925748932278 2.5 0.75
19.0004169396239 10.400067540544995 4.711925748932278 2.5 0.75
19.000370616480314 10.300067551274163 4.711925748932278 2.5 0.75
19.000324293336732 10.200067562003333 4.711925748932278 2.5 0.75
19.000277970193146 10.100067572732502 4.711925748932278 2.5 0.75
19.00023164704956 10.000067583461671 4.711925748932278 2.5 0.75
19.000185323905978 9.90006759419084 4.711925748932278 2.5 0.75
19.000139000762392 9.80006760492001 4.711925748932278 2.5 0.75
19.000092677618806 9.700067615649179 4.711925748932278 2.5 0.75
19.000046354475224 9.600067626378348 4.711925748932278 2.5 0.75
19.000000031331638 9.500067637107517 4.711925748932278 2.5 0.75
18.999953708188055 9.400067647836686 4.711925748932278 2.5 0.75
18.99990738504447 9.300067658565855 4.711925748932278 2.5 0.75
18.999861061900884 9.200067669295024 4.711925748932278 2.5 0.75
18.9998147387573 9.100067680024193 4.711925748932278 2.5 0.75
18.999768415613715 9.000067690753362 4.711925748932278 2.5 0.75
18.999722092470133 8.90006770148253 4.711925748932278 2.5 0.75
18.999675769326547 8.8000677122117 4.711925748932278 2.5 0.75
18.99962944618296 8.700067722940869 4.711925748932278 2.5 0.75
18.99958312303938 8.600067733670038 4.711925748932278 2.5 0.75
18.999536799895793 8.500067744399207 4.711925748932278 2.5 0.75
18.99949047675221 8.400067755128376 4.711925748932278 2.5 0.75
18.999444153608625 8.300067765857545 4.711925748932278 2.5 0.75
18.99939783046504 8.200067776586714 4.711925748932278 2.5 0.75
18.999351507321457 8.100067787315883 4.711925748932278 2.5 0.75
18.99930518417787 8.000067798045052 4.711925748932278 2.5 0.75
18.999258861034285 7.900067808774221 4.711925748932278 2.5 0.75
18.999212537890703 7.80006781950339 4.711925748932278 2.5 0.75
18.999166214747117 7.700067830232559 4.711925748932278 2.5 0.75
18.999119891603534 7.600067840961728 4.711925748932278 2.5 0.75
18.99907356845995 7.500067851690897 4.711925748932278 2.5 0.75
18.999027245316363 7.400067862420068 4.711925748932278 2.5 0.75
18.99898092217278 7.300067873149235 4.711925748932278 2.5 0.75
18.998934599029194 7.200067883878404 4.711925748932278 2.5 0.75
18.998888275885612 7.100067894607575 4.711925748932278 2.5 0.75
18.998841952742026 7.000067905336742 4.711925748932278 2.5 0.75
18.99879562959844 6.900067916065913 4.711925748932278 2.5 0.75
18.998749306454858 6.800067926795082 4.711925748932278 2.5 0.75
18.998702983311272 6.700067937524249 4.711925748932278 2.5 0.75
18.99865666016769 6.60006794825342 4.711925748932278 2.5 0.75
18.998610337024104 6.500067958982589 4.711925748932278 2.5 0.75
18.998564013880518 6.400067969711756 4.711925748932278 2.5 0.75
18.998517690736936 6.300067980440927 4.711925748932278 2.5 0.75
18.99847136759335 6.200067991170096 4.711925748932278 2.5 0.75
18.998425044449764 6.100068001899265 4.711925748932278 2.5 0.75
18.99837872130618 6.000068012628434 4.711925748932278 2.5 0.75
18.998332398162596 5.900068023357603 4.711925748932278 2.5 0.75
18.998286075019013 5.800068034086772 4.711925748932278 2.5 0.75
18.998239751875428 5.700068044815941 4.711925748932278 2.5 0.75
18.99819342873184 5.60006805554511 4.711925748932278 2.5 0.75
18.99814710558826 5.500068066274279 4.711925748932278 2.5 0.75
18.998100782444673 5.400068077003448 4.711925748932278 2.5 0.75
18.99805445930109 5.300068087732617 4.711925748932278 2.5 0.75
18.998008136157505 5.200068098461786 4.711925748932278 2.5 0.75
18.99796181301392 5.100068109190955 4.711925748932278 2.5 0.75
18.997915489870337 5.000068119920124 4.711925748932278 2.5 0.75
18.99786916672675 4.900068130649295 4.711925748932278 2.5 0.75
18.99782284358317 4.800068141378462 4.711925748932278 2.5 0.75
18.997776520439583 4.700068152107631 4.711925748932278 2.5 0.75
18.997730197295997 4.600068162836802 4.711925748932278 2.5 0.75
18.997683874152415 4.500068173565969 4.711925748932278 2.5 0.75
18.99763755100883 4.400068184295138 4.711925748932278 2.5 0.75
18.997591227865243 4.300068195024309 4.711925748932278 2.5 0.75
18.99754490472166 4.200068205753476 4.711925748932278 2.5 0.75
18.997498581578075 4.100068216482645 4.711925748932278 2.5 0.75
18.997452258434492 4.000068227211816 4.711925748932278 2.5 0.75
18.997405935290907 3.9000682379409835 4.711925748932278 2.5 0.75
18.99735961214732 3.8000682486701525 4.711925748932278 2.5 0.75
18.99731328900374 3.7000682593993233 4.711925748932278 2.5 0.75
18.997266965860153 3.6000682701284923 4.711925748932278 2.5 0.75
18.99722064271657 3.5000682808576595 4.711925748932278 2.5 0.75
18.997174319572984 3.4000682915868303 4.711925748932278 2.5 0.75
18.9971279964294 3.3000683023159993 4.711925748932278 2.5 0.75
18.997081673285816 3.2000683130451666 4.711925748932278 2.5 0.75
18.99703535014223 3.1000683237743374 4.711925748932278 2.5 0.75
18.99999086796001 3.0001349656364145 4.779895942900338 2.5 0.75
19.0 3.0 4.78 1.0 0.51
19.01058476583036 2.9005865565513327 4.856923076923077 1.0 0.51
19.02877787980723 2.802280500736699 4.933846153846154 1.0 0.51
19.054471743440768 2.7056632384199366 5.010769230769231 1.0 0.51
19.087514396987935 2.6113061875304204 5.087692307692308 1.0 0.51
19.12771041817927 2.519767398558801 5.164615384615384 1.0 0.51
19.17482207799361 2.4315882541110163 5.241538461538462 1.0 0.51
19.228570746645183 2.3472902670402194 5.318461538461539 1.0 0.51
19.28863854146778 2.2673719960932366 5.395384615384615 1.0 0.51
19.354670206949944 2.1923060973131876 5.472307692307693 1.0 0.51
19.426275215802267 2.1225365286369793 5.549230769230769 1.0 0.51
19.500185007914844 2.0551979950188977 5.510573326780621 1.0 0.51
19.569040078867808 1.9827131744695778 5.4336502498575445 1.0 0.51
19.632121278742716 1.905151378278752 5.356727172934468 1.0 0.51
19.68905553001955 1.8229713257261346 5.27980409601139 1.0 0.51
19.73950610972362 1.7366590495799883 5.202881019088314 1.0 0.51
19.783174640886877 1.6467250215814109 5.125957942165236 1.0 0.51
19.819802857221724 1.5537011333906217 5.0490348652421595 1.0 0.51
19.849174130570496 1.4581375508506362 4.972111788319083 1.0 0.51
19.87111475209693 1.360599460172999 4.895188711396005 1.0 0.51
19.885494959642365 1.261663725289413 4.818265634472929 1.0 0.51
19.89222970517064 1.161915476138491 4.741342557549852 1.0 0.51
19.891279157762796 1.0619446480653445 4.6644194806267745 1.0 0.51
19.88264893918682 0.9623424928008331 4.587496403703698 1.0 0.51
19.86639009064912 0.8636980816553805 4.510573326780621 1.0 0.51
19.84259877092446 0.7665948216083347 4.433650249857544 1.0 0.51
19.81141568764964 0.6716070048975555 4.356727172934466 1.0 0.51
19.773025265144376 0.5792964125157902 4.2798040960113894 1.0 0.51
19.72765455368116 0.49020899170159016 4.202881019088313 1.0 0.51
19.675571886654836 0.40487162707489066 4.125957942165236 1.0 0.51
19.617085293593828 0.3237890245135442 4.049034865242159 1.0 0.51
19.552540678398763 0.24744072620031554 3.972111788319082 1.0 0.51
19.48231977358288 0.17627827449406785 3.895188711396005 1.0 0.51
19.406837882613356 0.11072254139870852 3.8182656344729278 1.0 0.51
19.326541423705827 0.05116123942404949 3.7413425575498507 1.0 0.51
19.241905289598762 -0.0020533714400348124 3.664419480626774 1.0 0.51
19.1534300389226 -0.04860656707465383 3.587496403703697 1.0 0.51
19.06163893577456 -0.08822302058668674 3.51057332678062 1.0 0.51
18.967074855007837 -0.1206684306588306 3.4336502498575427 1.0 0.51
18.870297071538 -0.14575090726443207 3.356727172934466 1.0 0.51
18.77187795265547 -0.16332210655165813 3.2798040960113894 1.0 0.51
18.672399572906496 -0.17327810818502742 3.202881019088313 1.0 0.51
18.57245027156307 -0.17556002995548337 3.125957942165236 1.0 0.51
18.472621173041755 -0.17015437602406358 3.0490348652421595 1.0 0.51
18.37350269085045 -0.15709311673957016 2.972111788319083 1.0 0.51
18.27568103573968 -0.136453499558165 2.895188711396006 1.0 0.51
18.179734748710004 -0.10835759218317698 2.8182656344729295 1.0 0.51
18.086231279380165 -0.0729715606270882 2.741342557549853 1.0 0.51
17.995723629952384 -0.030504686465425035 2.6644194806267762 1.0 0.51
17.908747084623172 0.018791870905257024 2.5874964037036996 1.0 0.51
17.82581604378274 0.07462655968497067 2.510573326780623 1.0 0.51
17.747420981726275 0.13666915997838158 2.4336502498575463 1.0 0.51
17.67402554586998 0.20455273679537944 2.3567271729344696 1.0 0.51
17.60606381462776 0.2778758101936303 2.2798040960113926 1.0 0.51
17.54393773016618 0.3562047297283577 2.202881019088316 1.0 0.51
17.488014721220978 0.4390762391662819 2.1259579421652393 1.0 0.51
17.438625530034376 0.526000216295369 2.0490348652421626 1.0 0.51
17.396062256265218 0.6164625716265051 1.972111788319086 1.0 0.51
17.360576629440725 0.7099282888434497 1.8951887113960093 1.0 0.51
17.33237852016701 0.8058445890191361 1.8182656344729327 1.0 0.51
17.31163469890337 0.9036441998843494 1.741342557549856 1.0 0.51
17.298467849641362 1.0027487108135522 1.6644194806267794 1.0 0.51
17.29295584432189 1.1025719936856513 1.5874964037037027 1.0 0.51
17.295131282281666 1.2025236693879024 1.5105733267806265 1.0 0.51
17.304981297452823 1.3020125994612175 1.4336502498575499 1.0 0.51
17.32244763445595 1.4004503822364212 1.3567271729344732 1.0 0.51
17.347426993136555 1.497254832784475 1.2798040960113966 1.0 0.51
17.379771639507233 1.591853426099391 1.20288101908832 1.0 0.51
17.4192902794823 1.6836866831500141 1.1259579421652433 1.0 0.51
17.46574919023745 1.772211479774746 1.0490348652421666 1.0 0.51
17.518873602503206 1.8569042588496039 0.97211178831909 1.0 0.51
17.578349325617076 1.937264126732069 0.8951887113960133 1.0 0.51
17.643824605723328 2.0128158156676097 0.8182656344729367 1.0 0.51
17.709975547118415 2.087777884349027 0.8859411241205137 1.0 0.51
17.77019185143167 2.1675843170525297 0.9628642010435904 1.0 0.51
17.824097184873473 2.251782209143323 1.039787277966667 1.0 0.51
17.871372738224036 2.3398735938605757 1.1167103548897437 1.0 0.51
17.911738912391456 2.4313374773834733 1.1936334318128203 1.0 0.51
17.944956972028592 2.5256329201150747 1.270556508735897 1.0 0.51
17.97083045747181 2.62220223593032 1.3474795856589736 1.0 0.51
17.989206346651105 2.720474290467076 1.4244026625820503 1.0 0.51
17.999975960099754 2.8198678789533145 1.501325739505127 1.0 0.51
18.003075603711032 2.9197951635931365 1.5782488164282036 1.0 0.51
18.0 3.0 1.64 2.5 0.75
17.996893441416255 3.09992820673361 1.5702652977064477 2.5 0.75
17.996946544322604 3.1999281926340157 1.5702652977064477 2.5 0.75
17.99699964722895 3.2999281785344214 1.5702652977064477 2.5 0.75
17.9970527501353 3.399928164434827 1.5702652977064477 2.5 0.75
17.99710585304165 3.499928150335233 1.5702652977064477 2.5 0.75
17.997158955948 3.5999281362356386 1.5702652977064477 2.5 0.75
17.99721205885435 3.6999281221360443 1.5702652977064477 2.5 0.75
17.997265161760698 3.79992810803645 1.5702652977064477 2.5 0.75
17.997318264667047 3.8999280939368557 1.5702652977064477 2.5 0.75
17.997371367573397 3.9999280798372614 1.5702652977064477 2.5 0.75
17.997424470479746 4.099928065737667 1.5702652977064477 2.5 0.75
17.997477573386092 4.199928051638072 1.5702652977064477 2.5 0.75
17.997530676292442 4.2999280375384785 1.5702652977064477 2.5 0.75
17.99758377919879 4.399928023438885 1.5702652977064477 2.5 0.75
17.99763688210514 4.49992800933929 1.5702652977064477 2.5 0.75
17.99768998501149 4.599927995239696 1.5702652977064477 2.5 0.75
17.99774308791784 4.699927981140101 1.5702652977064477 2.5 0.75
17.99779619082419 4.7999279670405075 1.5702652977064477 2.5 0.75
17.99784929373054 4.899927952940914 1.5702652977064477 2.5 0.75
17.99790239663689 4.999927938841319 1.5702652977064477 2.5 0.75
17.997955499543234 5.099927924741724 1.5702652977064477 2.5 0.75
17.998008602449584 5.19992791064213 1.5702652977064477 2.5 0.75
17.998061705355934 5.2999278965425365 1.5702652977064477 2.5 0.75
17.998114808262283 5.399927882442942 1.5702652977064477 2.5 0.75
17.998167911168633 5.499927868343348 1.5702652977064477 2.5 0.75
17.998221014074982 5.599927854243754 1.5702652977064477 2.5 0.75
17.99827411698133 5.699927840144159 1.5702652977064477 2.5 0.75
17.99832721988768 5.7999278260445655 1.5702652977064477 2.5 0.75
17.99838032279403 5.899927811944972 1.5702652977064477 2.5 0.75
17.998433425700377 5.999927797845377 1.5702652977064477 2.5 0.75
17.998486528606726 6.099927783745782 1.5702652977064477 2.5 0.75
17.998539631513076 6.199927769646189 1.5702652977064477 2.5 0.75
17.998592734419425 6.2999277555465945 1.5702652977064477 2.5 0.75
17.998645837325775 6.399927741447001 1.5702652977064477 2.5 0.75
17.998698940232124 6.499927727347405 1.5702652977064477 2.5 0.75
17.998752043138474 6.599927713247812 1.5702652977064477 2.5 0.75
17.998805146044823 6.699927699148217 1.5702652977064477 2.5 0.75
17.998858248951173 6.799927685048623 1.5702652977064477 2.5 0.75
17.99891135185752 6.899927670949029 1.5702652977064477 2.5 0.75
17.99896445476387 6.999927656849434 1.5702652977064477 2.5 0.75
17.999017557670218 7.099927642749839 1.5702652977064477 2.5 0.75
17.999070660576567 7.1999276286502445 1.5702652977064477 2.5 0.75
17.999123763482917 7.29992761455065 1.5702652977064477 2.5 0.75
17.999176866389266 7.399927600451056 1.5702652977064477 2.5 0.75
17.999229969295616 7.49992758635146 1.5702652977064477 2.5 0.75
17.999283072201965 7.599927572251866 1.5702652977064477 2.5 0.75
17.999336175108315 7.699927558152271 1.5702652977064477 2.5 0.75
17.99938927801466 7.799927544052677 1.5702652977064477 2.5 0.75
17.99944238092101 7.899927529953082 1.5702652977064477 2.5 0.75
17.99949548382736 7.9999275158534875 1.5702652977064477 2.5 0.75
17.99954858673371 8.099927501753893 1.5702652977064477 2.5 0.75
17.99960168964006 8.199927487654298 1.5702652977064477 2.5 0.75
17.99965479254641 8.299927473554703 1.5702652977064477 2.5 0.75
17.999707895452758 8.399927459455109 1.5702652977064477 2.5 0.75
17.999760998359108 8.499927445355514 1.5702652977064477 2.5 0.75
17.999814101265454 8.59992743125592 1.5702652977064477 2.5 0.75
17.999867204171803 8.699927417156324 1.5702652977064477 2.5 0.75
17.999920307078153 8.799927403056731 1.5702652977064477 2.5 0.75
17.999973409984502 8.899927388957135 1.5702652977064477 2.5 0.75
18.00002651289085 8.999927374857542 1.5702652977064477 2.5 0.75
18.0000796157972 9.099927360757945 1.5702652977064477 2.5 0.75
18.00013271870355 9.199927346658352 1.5702652977064477 2.5 0.75
18.0001858216099 9.299927332558756 1.5702652977064477 2.5 0.75
18.00023892451625 9.399927318459163 1.5702652977064477 2.5 0.75
18.000292027422596 9.499927304359566 1.5702652977064477 2.5 0.75
18.000345130328945 9.599927290259973 1.5702652977064477 2.5 0.75
18.000398233235295 9.699927276160379 1.5702652977064477 2.5 0.75
18.000451336141644 9.799927262060784 1.5702652977064477 2.5 0.75
18.000504439047994 9.899927247961188 1.5702652977064477 2.5 0.75
18.000557541954343 9.999927233861595 1.5702652977064477 2.5 0.75
18.000610644860693 10.099927219762 1.5702652977064477 2.5 0.75
18.000663747767042 10.199927205662405 1.5702652977064477 2.5 0.75
18.000716850673392 10.299927191562809 1.5702652977064477 2.5 0.75
18.000769953579738 10.399927177463216 1.5702652977064477 2.5 0.75
18.000823056486087 10.49992716336362 1.5702652977064477 2.5 0.75
18.000876159392437 10.599927149264026 1.5702652977064477 2.5 0.75
18.000929262298786 10.699927135164433 1.5702652977064477 2.5 0.75
18.000982365205136 10.799927121064837 1.5702652977064477 2.5 0.75
18.001035468111485 10.899927106965244 1.5702652977064477 2.5 0.75
18.001088571017835 10.999927092865647 1.5702652977064477 2.5 0.75
18.001141673924185 11.099927078766054 1.5702652977064477 2.5 0.75
18.001194776830534 11.199927064666458 1.5702652977064477 2.5 0.75
18.00124787973688 11.299927050566863 1.5702652977064477 2.5 0.75
18.00130098264323 11.39992703646727 1.5702652977064477 2.5 0.75
18.00135408554958 11.499927022367675 1.5702652977064477 2.5 0.75
18.00140718845593 11.599927008268079 1.5702652977064477 2.5 0.75
18.001460291362278 11.699926994168486 1.5702652977064477 2.5 0.75
18.001513394268628 11.799926980068891 1.5702652977064477 2.5 0.75
18.001566497174977 11.899926965969296 1.5702652977064477 2.5 0.75
18.001619600081327 11.999926951869702 1.5702652977064477 2.5 0.75
18.001672702987676 12.099926937770107 1.5702652977064477 2.5 0.75
18.001725805894022 12.199926923670512 1.5702652977064477 2.5 0.75
18.00177890880037 12.299926909570917 1.5702652977064477 2.5 0.75
18.00183201170672 12.399926895471323 1.5702652977064477 2.5 0.75
18.00188511461307 12.499926881371728 1.5702652977064477 2.5 0.75
18.00193821751942 12.599926867272133 1.5702652977064477 2.5 0.75
18.00199132042577 12.699926853172538 1.5702652977064477 2.5 0.75
18.00204442333212 12.799926839072944 1.5702652977064477 2.5 0.75
18.00209752623847 12.899926824973349 1.5702652977064477 2.5 0.75
18.00215062914482 12.999926810873754 1.5702652977064477 2.5 0.75
18.002203732051164 13.09992679677416 1.5702652977064477 2.5 0.75
18.002256834957514 13.199926782674567 1.5702652977064477 2.5 0.75
18.002309937863863 13.29992676857497 1.5702652977064477 2.5 0.75
18.002363040770213 13.399926754475375 1.5702652977064477 2.5 0.75
18.002416143676562 13.499926740375782 1.5702652977064477 2.5 0.75
18.002469246582912 13.59992672627619 1.5702652977064477 2.5 0.75
18.00252234948926 13.699926712176595 1.5702652977064477 2.5 0.75
18.00257545239561 13.799926698077 1.5702652977064477 2.5 0.75
18.00262855530196 13.899926683977403 1.5702652977064477 2.5 0.75
18.002681658208306 13.999926669877809 1.5702652977064477 2.5 0.75
18.002734761114656 14.099926655778214 1.5702652977064477 2.5 0.75
18.002787864021006 14.19992664167862 1.5702652977064477 2.5 0.75
18.002840966927355 14.299926627579026 1.5702652977064477 2.5 0.75
18.002894069833705 14.399926613479431 1.5702652977064477 2.5 0.75
18.002947172740054 14.499926599379837 1.5702652977064477 2.5 0.75
18.003000275646404 14.599926585280242 1.5702652977064477 2.5 0.75
18.003053378552753 14.699926571180645 1.5702652977064477 2.5 0.75
18.003106481459103 14.79992655708105 1.5702652977064477 2.5 0.75
18.000010034764813 14.899855110873585 1.6398882798416803 2.5 0.75
18.0 14.9 1.64 1.0 0.51
17.996927028498533 14.999928108418784 1.563076923076923 1.0 0.51
18.00154234331122 15.09979686667273 1.486153846153846 1.0 0.51
18.01381864834655 15.19901562669665 1.409230769230769 1.0 0.51
18.033683338558234 15.29699758467259 1.3323076923076922 1.0 0.51
18.061018929349032 15.393163251529963 1.2553846153846153 1.0 0.51
18.095663751403208 15.486943880184496 1.1784615384615384 1.0 0.51
18.13741290683805 15.577784829246482 1.1015384615384614 1.0 0.51
18.186019481019677 15.665148843304507 1.0246153846153847 1.0 0.51
18.241196002876077 15.748519230384305 0.9476923076923077 1.0 0.51
18.302616145070775 15.827402917790437 0.8707692307692307 1.0 0.51
18.369546415713035 15.901683261942127 0.8334375278242203 1.0 0.51
18.433867942014142 15.978219601417575 0.9103606047472973 1.0 0.51
18.4921176554381 16.059472545315206 0.9872836816703743 1.0 0.51
18.543951053047923 16.144961544012272 1.0642067585934514 1.0 0.51
18.589061579555 16.23418099483024 1.1411298355165282 1.0 0.51
18.62718244036143 16.326603232291696 1.2180529124396053 1.0 0.51
18.658088179448015 16.421681648862002 1.2949759893626822 1.0 0.51
18.68159601277584 16.518853927718865 1.3718990662857593 1.0 0.51
18.697566909315448 16.61754536843044 1.4488221432088362 1.0 0.51
18.70590641331004 16.717172285873115 1.525745220131913 1.0 0.51
18.70656520290977 16.81714546228693 1.60266829705499 1.0 0.51
18.699539381873123 16.91687363205238 1.679591373978067 1.0 0.51
18.68487050261022 17.015766978578704 1.7565144509011439 1.0 0.51
18.6626453204318 17.113240622622317 1.833437527824221 1.0 0.51
18.63299528045725 17.208718081404548 1.910360604747298 1.0 0.51
18.596095740216292 17.30163467807065 1.9872836816703752 1.0 0.51
18.552164932542 17.39144088132571 2.0642067585934516 1.0 0.51
18.501462674888884 17.47760555549606 2.141129835516529 1.0 0.51
18.444288832709436 17.55961910179449 2.218052912439606 1.0 0.51
18.380981545977082 17.63699647221112 2.2949759893626833 1.0 0.51
18.31191522934436 17.709280038205012 2.37189906628576 1.0 0.51
18.237498357763812 17.776042297230372 2.4488221432088366 1.0 0.51
18.158171050668024 17.83688840109032 2.525745220131914 1.0 0.51
18.07440246899653 17.891458491164936 2.602668297054991 1.0 0.51
17.986688040464195 17.939429826702426 2.6795913739780675 1.0 0.51
17.895546529481493 17.980518693586234 2.756514450901145 1.0 0.51
17.80151696905596 18.014482082289156 2.8334375278242216 1.0 0.51
17.705155472820188 18.04111912509065 2.910360604747299 1.0 0.51
17.6070319460409 18.060272284057245 2.987283681670376 1.0 0.51
17.507726715060937 18.071828282760123 3.0642067585934525 1.0 0.51
17.407827095108466 18.07571877621939 3.141129835516529 1.0 0.51
17.307923916772243 18.071920755112863 3.218052912439606 1.0 0.51
17.20860803168617 18.060456681858795 3.2949759893626824 1.0 0.51
17.11046681808938 18.041394357767675 3.371899066285759 1.0 0.51
17.014080706928848 18.014846522048835 3.4488221432088357 1.0 0.51
16.92001974904993 17.980970185043407 3.5257452201319124 1.0 0.51
16.82884024377738 17.939965699627084 3.602668297054989 1.0 0.51
16.74108144882617 17.892075576274596 3.6795913739780657 1.0 0.51
16.65726239100055 17.83758304879393 3.7565144509011423 1.0 0.51
16.577878796543605 17.77681039921289 3.833437527824219 1.0 0.51
16.50340015929197 17.710117051724968 3.9103606047472956 1.0 0.51
16.434266963975407 17.63789744696749 3.9872836816703723 1.0 0.51
16.370888081083212 17.56057870920398 4.064206758593449 1.0 0.51
16.313638348704984 17.478618120207646 4.141129835516526 1.0 0.51
16.262856355647195 17.39250041478603 4.218052912439602 1.0 0.51
16.218842438936864 17.30273491394177 4.294975989362679 1.0 0.51
16.181856907555506 17.209852512624604 4.3718990662857555 1.0 0.51
16.152118502908657 17.11440253988985 4.448822143208832 1.0 0.51
16.12980310513615 17.0169495100331 4.525745220131909 1.0 0.51
16.11504269291429 16.918069783915733 4.6026682970549855 1.0 0.51
16.107924562901932 16.818348160226925 4.679591373978062 1.0 0.51
16.10849081344688 16.71837441684235 4.756514450901139 1.0 0.51
16.116738095606035 16.61873982273472 4.833437527824215 1.0 0.51
16.13261763295186 16.52003364106565 4.910360604747292 1.0 0.51
16.156035510047996 16.42283964414035 4.987283681670369 1.0 0.51
16.186853227887966 16.327732660836592 5.064206758593445 1.0 0.51
16.224888523011852 16.235275176927264 5.141129835516522 1.0 0.51
16.269916445456673 16.14601400840305 5.218052912439599 1.0 0.51
16.321670689164986 16.060477067469993 5.294975989362675 1.0 0.51
16.379845166983557 15.979170240348639 5.371899066285752 1.0 0.51
16.444095820937026 15.902574395340203 5.448822143208829 1.0 0.51
16.514042657070245 15.831142538854756 5.525745220131905 1.0 0.51
16.588269296151875 15.764141885954345 5.534058875879485 1.0 0.51
16.658807568069058 15.693294005245447 5.457135798956409 1.0 0.51
16.72369278578482 15.617234958919694 5.380212722033332 1.0 0.51
16.782541202379978 15.536414578629522 5.303289645110255 1.0 0.51
16.83500477404174 15.451310855711567 5.226366568187179 1.0 0.51
16.880773218479263 15.36242711422993 5.149443491264102 1.0 0.51
16.919575850008393 15.270289034195564 5.072520414341025 1.0 0.51
16.951183180452475 15.17544154256714 4.995597337417949 1.0 0.51
16.9754082763911 15.07844559042083 4.918674260494872 1.0 0.51
16.992107864729707 14.979874835349532 4.8417511835717955 1.0 0.51
17.0 14.9 4.78 2.5 0.75
17.002960664782197 14.800066953037623 4.711566588981041 2.5 0.75
17.0028784256511 14.700066986854003 4.711566588981041 2.5 0.75
17.002796186520005 14.600067020670382 4.711566588981041 2.5 0.75
17.002713947388912 14.500067054486761 4.711566588981041 2.5 0.75
17.002631708257816 14.40006708830314 4.711566588981041 2.5 0.75
17.002549469126723 14.30006712211952 4.711566588981041 2.5 0.75
17.002467229995627 14.2000671559359 4.711566588981041 2.5 0.75
17.00238499086453 14.100067189752277 4.711566588981041 2.5 0.75
17.00230275173344 14.000067223568657 4.711566588981041 2.5 0.75
17.002220512602342 13.900067257385036 4.711566588981041 2.5 0.75
17.00213827347125 13.800067291201415 4.711566588981041 2.5 0.75
17.002056034340153 13.700067325017795 4.711566588981041 2.5 0.75
17.001973795209057 13.600067358834174 4.711566588981041 2.5 0.75
17.001891556077965 13.500067392650552 4.711566588981041 2.5 0.75
17.00180931694687 13.400067426466931 4.711566588981041 2.5 0.75
17.001727077815776 13.30006746028331 4.711566588981041 2.5 0.75
17.00164483868468 13.20006749409969 4.711566588981041 2.5 0.75
17.001562599553584 13.10006752791607 4.711566588981041 2.5 0.75
17.00148036042249 13.000067561732447 4.711566588981041 2.5 0.75
17.001398121291395 12.900067595548826 4.711566588981041 2.5 0.75
17.001315882160302 12.800067629365206 4.711566588981041 2.5 0.75
17.001233643029206 12.700067663181585 4.711566588981041 2.5 0.75
17.00115140389811 12.600067696997964 4.711566588981041 2.5 0.75
17.001069164767017 12.500067730814344 4.711566588981041 2.5 0.75
17.00098692563592 12.400067764630721 4.711566588981041 2.5 0.75
17.00090468650483 12.3000677984471 4.711566588981041 2.5 0.75
17.000822447373732 12.20006783226348 4.711566588981041 2.5 0.75
17.000740208242636 12.10006786607986 4.711566588981041 2.5 0.75
17.000657969111543 12.000067899896239 4.711566588981041 2.5 0.75
17.000575729980447 11.900067933712617 4.711566588981041 2.5 0.75
17.000493490849355 11.800067967528996 4.711566588981041 2.5 0.75
17.00041125171826 11.700068001345375 4.711566588981041 2.5 0.75
17.000329012587162 11.600068035161755 4.711566588981041 2.5 0.75
17.00024677345607 11.500068068978134 4.711566588981041 2.5 0.75
17.000164534324973 11.400068102794513 4.711566588981041 2.5 0.75
17.00008229519388 11.300068136610891 4.711566588981041 2.5 0.75
17.000000056062785 11.20006817042727 4.711566588981041 2.5 0.75
16.99991781693169 11.10006820424365 4.711566588981041 2.5 0.75
16.999835577800596 11.00006823806003 4.711566588981041 2.5 0.75
16.9997533386695 10.900068271876409 4.711566588981041 2.5 0.75
16.999671099538403 10.800068305692788 4.711566588981041 2.5 0.75
16.99958886040731 10.700068339509167 4.711566588981041 2.5 0.75
16.999506621276215 10.600068373325547 4.711566588981041 2.5 0.75
16.999424382145122 10.500068407141926 4.711566588981041 2.5 0.75
16.999342143014026 10.400068440958306 4.711566588981041 2.5 0.75
16.99925990388293 10.300068474774685 4.711566588981041 2.5 0.75
16.999177664751837 10.200068508591066 4.711566588981041 2.5 0.75
16.99909542562074 10.100068542407445 4.711566588981041 2.5 0.75
16.99901318648965 10.000068576223825 4.711566588981041 2.5 0.75
16.998930947358552 9.900068610040204 4.711566588981041 2.5 0.75
16.998848708227456 9.800068643856584 4.711566588981041 2.5 0.75
16.998766469096363 9.700068677672963 4.711566588981041 2.5 0.75
16.998684229965267 9.600068711489342 4.711566588981041 2.5 0.75
16.998601990834175 9.500068745305722 4.711566588981041 2.5 0.75
16.99851975170308 9.400068779122101 4.711566588981041 2.5 0.75
16.998437512571982 9.30006881293848 4.711566588981041 2.5 0.75
16.99835527344089 9.20006884675486 4.711566588981041 2.5 0.75
16.998273034309793 9.10006888057124 4.711566588981041 2.5 0.75
16.9981907951787 9.000068914387619 4.711566588981041 2.5 0.75
16.998108556047605 8.900068948203998 4.711566588981041 2.5 0.75
16.99802631691651 8.800068982020377 4.711566588981041 2.5 0.75
16.997944077785416 8.700069015836757 4.711566588981041 2.5 0.75
16.99786183865432 8.600069049653136 4.711566588981041 2.5 0.75
16.997779599523227 8.500069083469516 4.711566588981041 2.5 0.75
16.99769736039213 8.400069117285895 4.711566588981041 2.5 0.75
16.997615121261035 8.300069151102274 4.711566588981041 2.5 0.75
16.997532882129942 8.200069184918654 4.711566588981041 2.5 0.75
16.997450642998846 8.100069218735033 4.711566588981041 2.5 0.75
16.997368403867753 8.000069252551413 4.711566588981041 2.5 0.75
16.997286164736657 7.900069286367794 4.711566588981041 2.5 0.75
16.99720392560556 7.800069320184173 4.711566588981041 2.5 0.75
16.99712168647447 7.700069354000552 4.711566588981041 2.5 0.75
16.997039447343372 7.600069387816931 4.711566588981041 2.5 0.75
16.999990796007395 7.500136029877954 4.779895122384106 2.5 0.75
17.0 7.5 4.78 1.0 0.51
17.01058476583036 7.400586556551333 4.856923076923077 1.0 0.51
17.02877787980723 7.302280500736699 4.933846153846154 1.0 0.51
17.054471743440768 7.205663238419937 5.010769230769231 1.0 0.51
17.087514396987935 7.11130618753042 5.087692307692308 1.0 0.51
17.12771041817927 7.019767398558801 5.164615384615384 1.0 0.51
17.17482207799361 6.931588254111016 5.241538461538462 1.0 0.51
17.228570746645183 6.847290267040219 5.318461538461539 1.0 0.51
17.28863854146778 6.767371996093237 5.395384615384615 1.0 0.51
17.354670206949944 6.692306097313187 5.472307692307693 1.0 0.51
17.426275215802267 6.62253652863698 5.549230769230769 1.0 0.51
17.500185007914844 6.555197995018897 5.510573326780621 1.0 0.51
17.569040078867808 6.482713174469578 5.4336502498575445 1.0 0.51
17.632121278742716 6.405151378278752 5.356727172934468 1.0 0.51
17.68905553001955 6.322971325726135 5.27980409601139 1.0 0.51
17.73950610972362 6.2366590495799885 5.202881019088314 1.0 0.51
17.783174640886877 6.14672502158141 5.125957942165236 1.0 0.51
17.819802857221724 6.053701133390621 5.0490348652421595 1.0 0.51
17.849174130570496 5.958137550850636 4.972111788319083 1.0 0.51
17.87111475209693 5.860599460172999 4.895188711396005 1.0 0.51
17.885494959642365 5.761663725289413 4.818265634472929 1.0 0.51
17.89222970517064 5.661915476138491 4.741342557549852 1.0 0.51
17.891279157762796 5.561944648065344 4.6644194806267745 1.0 0.51
17.88264893918682 5.462342492800833 4.587496403703698 1.0 0.51
17.86639009064912 5.3636980816553805 4.510573326780621 1.0 0.51
17.84259877092446 5.266594821608335 4.433650249857544 1.0 0.51
17.81141568764964 5.171607004897556 4.356727172934466 1.0 0.51
17.773025265144376 5.07929641251579 4.2798040960113894 1.0 0.51
17.72765455368116 4.99020899170159 4.202881019088313 1.0 0.51
17.675571886654836 4.904871627074891 4.125957942165236 1.0 0.51
17.617085293593828 4.823789024513545 4.049034865242159 1.0 0.51
17.552540678398763 4.747440726200315 3.972111788319082 1.0 0.51
17.48231977358288 4.676278274494068 3.895188711396005 1.0 0.51
17.406837882613356 4.610722541398708 3.8182656344729278 1.0 0.51
17.326541423705827 4.551161239424049 3.7413425575498507 1.0 0.51
17.241905289598762 4.497946628559966 3.664419480626774 1.0 0.51
17.1534300389226 4.451393432925347 3.587496403703697 1.0 0.51
17.06163893577456 4.411776979413313 3.51057332678062 1.0 0.51
16.967074855007837 4.379331569341169 3.4336502498575427 1.0 0.51
16.870297071538 4.354249092735568 3.356727172934466 1.0 0.51
16.77187795265547 4.336677893448342 3.2798040960113894 1.0 0.51
16.672399572906496 4.326721891814973 3.202881019088313 1.0 0.51
16.57245027156307 4.324439970044517 3.125957942165236 1.0 0.51
16.472621173041755 4.329845623975936 3.0490348652421595 1.0 0.51
16.37350269085045 4.342906883260429 2.972111788319083 1.0 0.51
16.27568103573968 4.363546500441835 2.895188711396006 1.0 0.51
16.179734748710004 4.391642407816823 2.8182656344729295 1.0 0.51
16.086231279380165 4.427028439372911 2.741342557549853 1.0 0.51
15.995723629952382 4.4694953135345745 2.6644194806267762 1.0 0.51
15.908747084623172 4.5187918709052575 2.5874964037036996 1.0 0.51
15.82581604378274 4.574626559684971 2.510573326780623 1.0 0.51
15.747420981726275 4.636669159978382 2.4336502498575463 1.0 0.51
15.674025545869979 4.70455273679538 2.3567271729344696 1.0 0.51
15.60606381462776 4.77787581019363 2.2798040960113926 1.0 0.51
15.543937730166181 4.856204729728358 2.202881019088316 1.0 0.51
15.48801472122098 4.9390762391662815 2.1259579421652393 1.0 0.51
15.438625530034376 5.026000216295369 2.0490348652421626 1.0 0.51
15.396062256265218 5.116462571626505 1.972111788319086 1.0 0.51
15.360576629440727 5.20992828884345 1.8951887113960093 1.0 0.51
15.332378520167008 5.305844589019136 1.8182656344729327 1.0 0.51
15.311634698903369 5.403644199884349 1.741342557549856 1.0 0.51
15.29846784964136 5.502748710813552 1.6644194806267794 1.0 0.51
15.29295584432189 5.602571993685651 1.5874964037037027 1.0 0.51
15.295131282281668 5.702523669387903 1.5105733267806265 1.0 0.51
15.304981297452823 5.802012599461218 1.4336502498575499 1.0 0.51
15.32244763445595 5.900450382236421 1.3567271729344732 1.0 0.51
15.347426993136555 5.997254832784475 1.2798040960113966 1.0 0.51
15.379771639507231 6.091853426099391 1.20288101908832 1.0 0.51
15.4192902794823 6.183686683150015 1.1259579421652433 1.0 0.51
15.465749190237448 6.272211479774746 1.0490348652421666 1.0 0.51
15.518873602503207 6.356904258849604 0.97211178831909 1.0 0.51
15.578349325617076 6.437264126732069 0.8951887113960133 1.0 0.51
15.64382460572333 6.51281581566761 0.8182656344729367 1.0 0.51
15.709975547118415 6.587777884349027 0.8859411241205137 1.0 0.51
15.770191851431667 6.66758431705253 0.9628642010435904 1.0 0.51
15.824097184873471 6.7517822091433235 1.039787277966667 1.0 0.51
15.871372738224036 6.839873593860576 1.1167103548897437 1.0 0.51
15.911738912391458 6.931337477383473 1.1936334318128203 1.0 0.51
15.944956972028594 7.025632920115075 1.270556508735897 1.0 0.51
15.970830457471811 7.122202235930319 1.3474795856589736 1.0 0.51
15.989206346651105 7.220474290467076 1.4244026625820503 1.0 0.51
15.999975960099754 7.319867878953314 1.501325739505127 1.0 0.51
16.003075603711032 7.419795163593136 1.5782488164282036 1.0 0.51
16.0 7.5 1.64 2.5 0.75
15.996896571647483 7.599928204538662 1.569922139527491 2.5 0.75
15.996983990363088 7.699928166328495 1.569922139527491 2.5 0.75
15.997071409078695 7.799928128118329 1.569922139527491 2.5 0.75
15.997158827794301 7.899928089908162 1.569922139527491 2.5 0.75
15.997246246509908 7.999928051697996 1.569922139527491 2.5 0.75
15.997333665225513 8.09992801348783 1.569922139527491 2.5 0.75
15.99742108394112 8.199927975277662 1.569922139527491 2.5 0.75
15.997508502656727 8.299927937067496 1.569922139527491 2.5 0.75
15.997595921372332 8.39992789885733 1.569922139527491 2.5 0.75
15.997683340087939 8.499927860647162 1.569922139527491 2.5 0.75
15.997770758803545 8.599927822436996 1.569922139527491 2.5 0.75
15.997858177519152 8.69992778422683 1.569922139527491 2.5 0.75
15.997945596234757 8.799927746016664 1.569922139527491 2.5 0.75
15.998033014950364 8.899927707806498 1.569922139527491 2.5 0.75
15.99812043366597 8.999927669596332 1.569922139527491 2.5 0.75
15.998207852381576 9.099927631386164 1.569922139527491 2.5 0.75
15.998295271097183 9.199927593175998 1.569922139527491 2.5 0.75
15.99838268981279 9.299927554965832 1.569922139527491 2.5 0.75
15.998470108528394 9.399927516755666 1.569922139527491 2.5 0.75
15.998557527244001 9.499927478545498 1.569922139527491 2.5 0.75
15.998644945959608 9.599927440335332 1.569922139527491 2.5 0.75
15.998732364675215 9.699927402125166 1.569922139527491 2.5 0.75
15.99881978339082 9.799927363915 1.569922139527491 2.5 0.75
15.998907202106427 9.899927325704834 1.569922139527491 2.5 0.75
15.998994620822033 9.999927287494668 1.569922139527491 2.5 0.75
15.999082039537639 10.099927249284502 1.569922139527491 2.5 0.75
15.999169458253245 10.199927211074334 1.569922139527491 2.5 0.75
15.999256876968852 10.299927172864168 1.569922139527491 2.5 0.75
15.999344295684459 10.399927134654002 1.569922139527491 2.5 0.75
15.999431714400064 10.499927096443836 1.569922139527491 2.5 0.75
15.99951913311567 10.599927058233668 1.569922139527491 2.5 0.75
15.999606551831278 10.699927020023502 1.569922139527491 2.5 0.75
15.999693970546883 10.799926981813336 1.569922139527491 2.5 0.75
15.99978138926249 10.89992694360317 1.569922139527491 2.5 0.75
15.999868807978096 10.999926905393004 1.569922139527491 2.5 0.75
15.999956226693703 11.099926867182836 1.569922139527491 2.5 0.75
16.00004364540931 11.19992682897267 1.569922139527491 2.5 0.75
16.000131064124915 11.299926790762504 1.569922139527491 2.5 0.75
16.00021848284052 11.399926752552338 1.569922139527491 2.5 0.75
16.00030590155613 11.49992671434217 1.569922139527491 2.5 0.75
16.000393320271733 11.599926676132004 1.569922139527491 2.5 0.75
16.00048073898734 11.699926637921838 1.569922139527491 2.5 0.75
16.000568157702947 11.79992659971167 1.569922139527491 2.5 0.75
16.000655576418552 11.899926561501502 1.569922139527491 2.5 0.75
16.000742995134157 11.999926523291336 1.569922139527491 2.5 0.75
16.000830413849766 12.09992648508117 1.569922139527491 2.5 0.75
16.00091783256537 12.199926446871002 1.569922139527491 2.5 0.75
16.00100525128098 12.299926408660836 1.569922139527491 2.5 0.75
16.001092669996584 12.399926370450668 1.569922139527491 2.5 0.75
16.00118008871219 12.499926332240502 1.569922139527491 2.5 0.75
16.001267507427798 12.599926294030336 1.569922139527491 2.5 0.75
16.001354926143403 12.699926255820168 1.569922139527491 2.5 0.75
16.001442344859008 12.799926217610002 1.569922139527491 2.5 0.75
16.001529763574617 12.899926179399834 1.569922139527491 2.5 0.75
16.00161718229022 12.999926141189668 1.569922139527491 2.5 0.75
16.001704601005827 13.099926102979502 1.569922139527491 2.5 0.75
16.001792019721435 13.199926064769334 1.569922139527491 2.5 0.75
16.00187943843704 13.299926026559168 1.569922139527491 2.5 0.75
16.001966857152645 13.399925988349 1.569922139527491 2.5 0.75
16.002054275868254 13.499925950138834 1.569922139527491 2.5 0.75
16.00214169458386 13.599925911928668 1.569922139527491 2.5 0.75
16.002229113299467 13.699925873718502 1.569922139527491 2.5 0.75
16.002316532015072 13.799925835508333 1.569922139527491 2.5 0.75
16.002403950730677 13.899925797298167 1.569922139527491 2.5 0.75
16.002491369446286 13.999925759088 1.569922139527491 2.5 0.75
16.00257878816189 14.099925720877835 1.569922139527491 2.5 0.75
16.002666206877496 14.199925682667665 1.569922139527491 2.5 0.75
16.002753625593105 14.299925644457499 1.569922139527491 2.5 0.75
16.00284104430871 14.399925606247333 1.569922139527491 2.5 0.75
16.002928463024315 14.499925568037167 1.569922139527491 2.5 0.75
16.003015881739923 14.599925529827 1.569922139527491 2.5 0.75
16.00310330045553 14.699925491616831 1.569922139527491 2.5 0.75
16.000010108474804 14.799854045726374 1.639887458538145 2.5 0.75
