7.7 -3.0 0.29
7.795069734071958 -2.9690215800312982 0.33999999999999997
7.888959197761231 -2.934602857137695 0.3530881779331327
7.982790128337908 -2.9000231453529643 0.3530881779331327
8.076621058914583 -2.865443433568234 0.3530881779331327
8.170451989491259 -2.830863721783504 0.3530881779331327
8.264282920067936 -2.796284009998774 0.3530881779331327
8.358113850644612 -2.761704298214043 0.3530881779331327
8.451944781221288 -2.727124586429313 0.3530881779331327
8.545775711797964 -2.692544874644583 0.3530881779331327
8.63960664237464 -2.6579651628598526 0.3530881779331327
8.733437572951315 -2.6233854510751224 0.3530881779331327
8.827268503527991 -2.588805739290392 0.3530881779331327
8.921099434104667 -2.5542260275056616 0.3530881779331327
9.014930364681344 -2.5196463157209315 0.3530881779331327
9.10876129525802 -2.4850666039362013 0.3530881779331327
9.202592225834696 -2.4504868921514706 0.3530881779331327
9.296423156411372 -2.4159071803667405 0.3530881779331327
9.390254086988048 -2.3813274685820103 0.3530881779331327
9.484085017564723 -2.3467477567972796 0.3530881779331327
9.5779159481414 -2.3121680450125495 0.3530881779331327
9.671746878718075 -2.2775883332278193 0.3530881779331327
9.76557780929475 -2.2430086214430887 0.3530881779331327
9.859408739871428 -2.2084289096583585 0.3530881779331327
9.953239670448104 -2.1738491978736283 0.3530881779331327
10.04707060102478 -2.139269486088898 0.3530881779331327
10.140901531601456 -2.1046897743041675 0.3530881779331327
10.234732462178131 -2.0701100625194373 0.3530881779331327
10.328563392754809 -2.035530350734707 0.3530881779331327
10.422394323331485 -2.000950638949977 0.3530881779331327
10.51622525390816 -1.9663709271652463 0.3530881779331327
10.610056184484836 -1.9317912153805161 0.3530881779331327
10.703887115061512 -1.8972115035957857 0.3530881779331327
10.797718045638188 -1.8626317918110555 0.3530881779331327
10.891548976214864 -1.8280520800263251 0.3530881779331327
10.98537990679154 -1.7934723682415947 0.3530881779331327
11.079210837368215 -1.7588926564568645 0.3530881779331327
11.173041767944893 -1.7243129446721341 0.3530881779331327
11.266872698521569 -1.689733232887404 0.3530881779331327
11.360703629098245 -1.6551535211026736 0.3530881779331327
11.45453455967492 -1.6205738093179434 0.3530881779331327
11.548365490251596 -1.5859940975332132 0.3530881779331327
11.642196420828272 -1.551414385748483 0.3530881779331327
11.736027351404946 -1.5168346739637528 0.3530881779331327
11.829858281981622 -1.4822549621790229 0.3530881779331327
11.923689212558298 -1.4476752503942927 0.3530881779331327
12.017520143134973 -1.4130955386095625 0.3530881779331327
12.11135107371165 -1.3785158268248323 0.3530881779331327
12.205182004288325 -1.3439361150401021 0.3530881779331327
12.299012934865 -1.309356403255372 0.3530881779331327
12.392843865441677 -1.2747766914706418 0.3530881779331327
12.486674796018352 -1.2401969796859116 0.3530881779331327
12.580505726595028 -1.2056172679011814 0.3530881779331327
12.674336657171704 -1.1710375561164514 0.3530881779331327
12.76816758774838 -1.1364578443317213 0.3530881779331327
12.861998518325056 -1.101878132546991 0.3530881779331327
12.955829448901731 -1.067298420762261 0.3530881779331327
13.049660379478407 -1.0327187089775307 0.3530881779331327
13.143491310055083 -0.9981389971928003 0.3530881779331327
13.237322240631759 -0.9635592854080706 0.3530881779331327
13.331153171208435 -0.9289795736233404 0.3530881779331327
13.42498410178511 -0.8943998618386102 0.3530881779331327
13.518815032361786 -0.85982015005388 0.3530881779331327
13.612645962938458 -0.8252404382691498 0.3530881779331327
13.706476893515134 -0.7906607264844197 0.3530881779331327
13.80030782409181 -0.7560810146996895 0.3530881779331327
13.894138754668486 -0.7215013029149593 0.3530881779331327
13.987969685245162 -0.6869215911302291 0.3530881779331327
14.081800615821837 -0.6523418793454989 0.3530881779331327
14.175631546398513 -0.6177621675607687 0.3530881779331327
14.269462476975189 -0.5831824557760386 0.3530881779331327
14.362771261158493 -0.5472396728191313 0.3912944161534488
14.454221100282627 -0.5068064715553202 0.4412944161534486
14.543535833110816 -0.4618532142751248 0.49129441615344843
14.630492219325198 -0.41249226071054235 0.5412944161534483
14.714872913246253 -0.3588469875387972 0.5912944161534481
14.796467007083795 -0.3010514800048991 0.641294416153448
14.875070558096606 -0.23925019677836623 0.6912944161534478
14.950487098343096 -0.173597608881777 0.7412944161534476
15.022528125748824 -0.1042578135936667 0.7912944161534474
15.091013575263519 -0.03140412429078854 0.8412944161534472
15.155772268929923 0.044781362745068165 0.8912944161534471
15.216642343739549 0.12410822347294825 0.9412944161534469
15.273471656205894 0.20637818205366365 0.9912944161534467
15.326118162643926 0.2913856064361271 1.0412944161534465
15.37445027420532 0.37891802233039495 1.0912944161534464
15.418347185782046 0.4687566442827311 1.1412944161534462
15.45769917795624 0.560676922525305 1.191294416153446
15.492407891241582 0.6544491042336658 1.2412944161534458
15.52238657193081 0.7498388077891511 1.2912944161534456
15.547560288934793 0.8466076086108689 1.3412944161534455
15.56786612107124 0.9445136350929824 1.3912944161534453
15.583253314334886 1.0433121731577595 1.4412944161534451
15.593683408756064 1.142756277913322 1.491294416153445
15.59913033453061 1.2425973908872692 1.5412944161534448
15.6 1.3 1.57
15.597580121077378 1.3999602972498078 1.62
15.591172337184679 1.4997533132355578 1.6382494168619839
15.584432142116437 1.5995259035118559 1.6382494168619839
15.577691947048196 1.6992984937881541 1.6382494168619839
15.570951751979953 1.7990710840644522 1.6382494168619839
15.564211556911712 1.8988436743407502 1.6382494168619839
15.55747136184347 1.9986162646170482 1.6382494168619839
15.550731166775229 2.0983888548933463 1.6382494168619839
15.543990971706986 2.198161445169644 1.6382494168619839
15.537250776638745 2.2979340354459423 1.6382494168619839
15.530510581570503 2.3977066257222406 1.6382494168619839
15.523770386502262 2.4974792159985384 1.6382494168619839
15.517030191434019 2.597251806274837 1.6382494168619839
15.510289996365778 2.697024396551135 1.6382494168619839
15.503549801297536 2.796796986827433 1.6382494168619839
15.496809606229295 2.8965695771037314 1.6382494168619839
15.490069411161052 2.9963421673800292 1.6382494168619839
15.48332921609281 3.096114757656328 1.6382494168619839
15.47658902102457 3.1958873479326257 1.6382494168619839
15.469848825956328 3.2956599382089236 1.6382494168619839
15.463108630888085 3.3954325284852214 1.6382494168619839
15.456368435819844 3.49520511876152 1.6382494168619839
15.449628240751602 3.594977709037818 1.6382494168619839
15.442888045683361 3.6947502993141166 1.6382494168619839
15.436147850615118 3.7945228895904144 1.6382494168619839
15.429407655546877 3.894295479866713 1.6382494168619839
15.422667460478635 3.994068070143011 1.6382494168619839
15.415927265410394 4.093840660419309 1.6382494168619839
15.409187070342153 4.193613250695607 1.6382494168619839
15.40244687527391 4.293385840971905 1.6382494168619839
15.395706680205668 4.393158431248204 1.6382494168619839
15.388966485137427 4.492931021524502 1.6382494168619839
15.382226290069186 4.5927036118008 1.6382494168619839
15.375486095000943 4.692476202077098 1.6382494168619839
15.368745899932701 4.792248792353396 1.6382494168619839
15.36200570486446 4.892021382629695 1.6382494168619839
15.355265509796219 4.991793972905993 1.6382494168619839
15.348525314727976 5.09156656318229 1.6382494168619839
15.341785119659734 5.191339153458589 1.6382494168619839
15.335044924591493 5.291111743734887 1.6382494168619839
15.328304729523252 5.390884334011184 1.6382494168619839
15.321564534455009 5.4906569242874825 1.6382494168619839
15.314824339386767 5.5904295145637795 1.6382494168619839
15.308084144318526 5.690202104840078 1.6382494168619839
15.301343949250285 5.789974695116375 1.6382494168619839
15.294603754182042 5.889747285392672 1.6382494168619839
15.2878635591138 5.989519875668971 1.6382494168619839
15.281123364045559 6.089292465945268 1.6382494168619839
15.274383168977318 6.189065056221566 1.6382494168619839
15.267642973909076 6.288837646497863 1.6382494168619839
15.260902778840833 6.388610236774162 1.6382494168619839
15.254162583772592 6.488382827050459 1.6382494168619839
15.24742238870435 6.588155417326758 1.6382494168619839
15.24068219363611 6.6879280076030545 1.6382494168619839
15.233941998567866 6.787700597879351 1.6382494168619839
15.227201803499625 6.88747318815565 1.6382494168619839
15.220461608431384 6.987245778431947 1.6382494168619839
15.213721413363142 7.087018368708246 1.6382494168619839
15.2069812182949 7.186790958984543 1.6382494168619839
15.200241023226658 7.286563549260841 1.6382494168619839
15.193500828158417 7.386336139537138 1.6382494168619839
15.186760633090175 7.486108729813437 1.6382494168619839
15.180020438021934 7.585881320089734 1.6382494168619839
15.173280242953691 7.685653910366033 1.6382494168619839
15.16654004788545 7.7854265006423296 1.6382494168619839
15.159799852817208 7.8851990909186265 1.6382494168619839
15.153059657748967 7.984971681194925 1.6382494168619839
15.146319462680724 8.084744271471223 1.6382494168619839
15.139579267612483 8.184516861747522 1.6382494168619839
15.132839072544241 8.284289452023819 1.6382494168619839
15.126098877476 8.384062042300117 1.6382494168619839
15.119358682407757 8.483834632576414 1.6382494168619839
15.112618487339516 8.583607222852713 1.6382494168619839
15.105878292271274 8.68337981312901 1.6382494168619839
15.099138097203033 8.783152403405307 1.6382494168619839
15.092397902134792 8.882924993681605 1.6382494168619839
15.085657707066549 8.982697583957902 1.6382494168619839
15.078917511998307 9.082470174234201 1.6382494168619839
15.072177316930066 9.182242764510498 1.6382494168619839
15.065437121861825 9.282015354786797 1.6382494168619839
15.058696926793582 9.381787945063094 1.6382494168619839
15.05195673172534 9.481560535339392 1.6382494168619839
15.0452165366571 9.58133312561569 1.6382494168619839
15.038476341588858 9.681105715891988 1.6382494168619839
15.031736146520615 9.780878306168285 1.6382494168619839
15.024995951452373 9.880650896444584 1.6382494168619839
15.018255756384132 9.98042348672088 1.6382494168619839
15.01151556131589 10.08019607699718 1.6382494168619839
15.00477536624765 10.179968667273476 1.6382494168619839
14.998035171179406 10.279741257549773 1.6382494168619839
14.991294976111165 10.379513847826072 1.6382494168619839
14.984554781042924 10.479286438102369 1.6382494168619839
14.977814585974683 10.579059028378667 1.6382494168619839
14.97107439090644 10.678831618654964 1.6382494168619839
14.964334195838198 10.778604208931263 1.6382494168619839
14.957594000769957 10.87837679920756 1.6382494168619839
14.950853805701716 10.978149389483859 1.6382494168619839
14.944113610633472 11.077921979760156 1.6382494168619839
14.937373415565231 11.177694570036454 1.6382494168619839
14.93063322049699 11.277467160312751 1.6382494168619839
14.923893025428749 11.377239750589048 1.6382494168619839
14.917152830360507 11.477012340865347 1.6382494168619839
14.910412635292264 11.576784931141644 1.6382494168619839
14.903714493866113 11.6765602709727 1.631757615772942
14.900119514516739 11.776485207618903 1.5817576157729423
