7.7 -3.0 0.29
7.794040349944416 -2.9661454766784883 0.4011111111111111
7.8858905416660185 -2.9266038865591044 0.40665923398907816
7.977735277963584 -2.8870495642361194 0.40665923398907816
8.06958001426115 -2.8474952419131343 0.40665923398907816
8.161424750558716 -2.8079409195901492 0.40665923398907816
8.253269486856281 -2.7683865972671646 0.40665923398907816
8.345114223153848 -2.7288322749441796 0.40665923398907816
8.436958959451413 -2.6892779526211945 0.40665923398907816
8.52880369574898 -2.6497236302982095 0.40665923398907816
8.620648432046545 -2.610169307975225 0.40665923398907816
8.71249316834411 -2.57061498565224 0.40665923398907816
8.804337904641677 -2.5310606633292547 0.40665923398907816
8.896182640939243 -2.4915063410062697 0.40665923398907816
8.98802737723681 -2.4519520186832846 0.40665923398907816
9.079872113534375 -2.4123976963602995 0.40665923398907816
9.17171684983194 -2.372843374037315 0.40665923398907816
9.263561586129507 -2.33328905171433 0.40665923398907816
9.355406322427072 -2.293734729391345 0.40665923398907816
9.447251058724639 -2.2541804070683598 0.40665923398907816
9.539095795022204 -2.214626084745375 0.40665923398907816
9.630940531319771 -2.17507176242239 0.40665923398907816
9.722785267617336 -2.135517440099405 0.40665923398907816
9.814630003914903 -2.09596311777642 0.40665923398907816
9.906474740212468 -2.056408795453435 0.40665923398907816
9.998319476510034 -2.01685447313045 0.40665923398907816
10.0901642128076 -1.9773001508074652 0.40665923398907816
10.182008949105166 -1.9377458284844804 0.40665923398907816
10.273853685402733 -1.8981915061614951 0.40665923398907816
10.365698421700298 -1.8586371838385098 0.40665923398907816
10.457543157997865 -1.819082861515525 0.40665923398907816
10.54938789429543 -1.7795285391925402 0.40665923398907816
10.641232630592995 -1.7399742168695553 0.40665923398907816
10.733077366890562 -1.70041989454657 0.40665923398907816
10.824922103188127 -1.6608655722235852 0.40665923398907816
10.916766839485694 -1.6213112499006004 0.40665923398907816
11.00861157578326 -1.5817569275776153 0.40665923398907816
11.100456312080826 -1.54220260525463 0.40665923398907816
11.192301048378392 -1.5026482829316457 0.40665923398907816
11.284145784675957 -1.4630939606086604 0.40665923398907816
11.375990520973524 -1.4235396382856755 0.40665923398907816
11.467835257271089 -1.3839853159626907 0.40665923398907816
11.559679993568654 -1.3444309936397059 0.40665923398907816
11.65152472986622 -1.304876671316721 0.40665923398907816
11.743369466163784 -1.2653223489937362 0.40665923398907816
11.835214202461351 -1.2257680266707514 0.40665923398907816
11.927058938758917 -1.1862137043477665 0.40665923398907816
12.018903675056482 -1.1466593820247817 0.40665923398907816
12.110748411354049 -1.1071050597017968 0.40665923398907816
12.202593147651612 -1.067550737378812 0.40665923398907816
12.294437883949179 -1.0279964150558272 0.40665923398907816
12.386282620246744 -0.9884420927328423 0.40665923398907816
12.47812735654431 -0.9488877704098577 0.40665923398907816
12.569972092841876 -0.9093334480868731 0.40665923398907816
12.66181682913944 -0.869779125763888 0.40665923398907816
12.753661565437007 -0.8302248034409034 0.40665923398907816
12.845506301734572 -0.7906704811179184 0.40665923398907816
12.937351038032137 -0.7511161587949338 0.40665923398907816
13.029195774329704 -0.7115618364719487 0.40665923398907816
13.121040510627267 -0.6720075141489641 0.40665923398907816
13.212885246924834 -0.632453191825979 0.40665923398907816
13.3047299832224 -0.5928988695029944 0.40665923398907816
13.396574719519965 -0.5533445471800094 0.40665923398907816
13.48841945581753 -0.5137902248570247 0.40665923398907816
13.580264192115095 -0.4742359025340397 0.40665923398907816
13.672108928412662 -0.4346815802110555 0.40665923398907816
13.763953664710227 -0.39512725788807046 0.40665923398907816
13.855798401007792 -0.35557293556508585 0.40665923398907816
13.94764313730536 -0.3160186132421008 0.40665923398907816
14.039487873602923 -0.2764642909191162 0.40665923398907816
14.13133260990049 -0.23690996859613112 0.40665923398907816
14.223177346198055 -0.1973556462731465 0.40665923398907816
14.31502208249562 -0.15780132395016144 0.40665923398907816
14.406866818793187 -0.11824700162717683 0.40665923398907816
14.49871155509075 -0.07869267930419221 0.40665923398907816
14.590556291388317 -0.0391383569812076 0.40665923398907816
14.68240102768588 0.0004159653417774578 0.40665923398907816
14.774245763983448 0.03997028766476207 0.40665923398907816
14.866090500281013 0.07952460998774713 0.40665923398907816
14.957935236578578 0.11907893231073174 0.40665923398907816
15.049779972876145 0.1586332546337168 0.40665923398907816
15.141624709173712 0.19818757695670142 0.40665923398907816
15.233469445471275 0.23774189927968603 0.40665923398907816
15.325314181768842 0.2772962216026711 0.40665923398907816
15.417158918066406 0.3168505439256557 0.40665923398907816
15.509003654363973 0.35640486624864076 0.40665923398907816
15.60084839066154 0.3959591885716254 0.40665923398907816
15.692693126959105 0.43551351089461043 0.40665923398907816
15.78453786325667 0.47506783321759505 0.40665923398907816
15.876382599554233 0.5146221555405801 0.40665923398907816
15.9682273358518 0.5541764778635647 0.40665923398907816
16.060072072149367 0.5937308001865498 0.40665923398907816
16.15191680844693 0.633285122509534 0.40665923398907816
16.243761544744498 0.6728394448325195 0.40665923398907816
16.33560628104206 0.7123937671555036 0.40665923398907816
16.427451017339628 0.7519480894784891 0.40665923398907816
16.519295753637195 0.7915024118014733 0.40665923398907816
16.611140489934762 0.8310567341244588 0.40665923398907816
16.702985226232325 0.870611056447443 0.40665923398907816
16.79482996252989 0.9101653787704285 0.40665923398907816
16.886674698827456 0.9497197010934126 0.40665923398907816
16.978519435125023 0.9892740234163981 0.40665923398907816
17.07036417142259 1.0288283457393828 0.40665923398907816
17.162208907720153 1.068382668062367 0.40665923398907816
17.25405364401772 1.107936990385352 0.40665923398907816
17.345898380315283 1.1474913127083362 0.40665923398907816
17.43774311661285 1.187045635031322 0.40665923398907816
17.529587852910414 1.2265999573543063 0.40665923398907816
17.62143258920798 1.2661542796772913 0.40665923398907816
17.713277325505548 1.3057086020002755 0.40665923398907816
17.80512206180311 1.3452629243232614 0.40665923398907816
17.896966798100678 1.3848172466462456 0.40665923398907816
17.98855951094138 1.4249373984622498 0.44376095093120677
18.0763053620408 1.4727953317840496 0.5548720620423175
18.15820351565689 1.5300876401794206 0.6659831731534283
18.233243923259742 1.5961077385873486 0.777094284264539
18.30050111278392 1.6700414022616448 0.8882053953756497
18.35914560245962 1.7509768085908384 0.9993165064867604
18.408454130797193 1.8379157825908674 1.1104276175978711
18.44781857655873 1.9297861073801155 1.2215387287089818
18.476753458706913 2.0254547478118985 1.3326498398200926
18.49490192383435 2.1237418241775794 1.4437609509312033
18.502040147230566 2.2234351636428658 1.554872062042314
18.5 2.3 1.64
18.49786061510756 2.399950294962757 1.5704001480748164
18.49790023297853 2.499950287114878 1.5704001480748164
18.4979398508495 2.5999502792669995 1.5704001480748164
18.497979468720473 2.699950271419121 1.5704001480748164
18.498019086591444 2.799950263571242 1.5704001480748164
18.498058704462416 2.899950255723363 1.5704001480748164
18.498098322333387 2.9999502478754843 1.5704001480748164
18.49813794020436 3.0999502400276056 1.5704001480748164
18.49817755807533 3.1999502321797264 1.5704001480748164
18.4982171759463 3.2999502243318477 1.5704001480748164
18.498256793817276 3.399950216483969 1.5704001480748164
18.498296411688248 3.4999502086360903 1.5704001480748164
18.49833602955922 3.5999502007882116 1.5704001480748164
18.49837564743019 3.6999501929403324 1.5704001480748164
18.498415265301162 3.799950185092454 1.5704001480748164
18.498454883172133 3.899950177244575 1.5704001480748164
18.498494501043105 3.999950169396697 1.5704001480748164
18.498534118914076 4.099950161548818 1.5704001480748164
18.498573736785048 4.199950153700939 1.5704001480748164
18.49861335465602 4.29995014585306 1.5704001480748164
18.49865297252699 4.399950138005181 1.5704001480748164
18.49869259039796 4.499950130157303 1.5704001480748164
18.498732208268933 4.599950122309425 1.5704001480748164
18.498771826139905 4.699950114461545 1.5704001480748164
18.498811444010876 4.799950106613666 1.5704001480748164
18.498851061881847 4.899950098765788 1.5704001480748164
18.498890679752822 4.999950090917909 1.5704001480748164
18.498930297623794 5.099950083070031 1.5704001480748164
18.498969915494765 5.1999500752221515 1.5704001480748164
18.499009533365737 5.299950067374273 1.5704001480748164
18.499049151236708 5.399950059526395 1.5704001480748164
18.49908876910768 5.499950051678516 1.5704001480748164
18.49912838697865 5.599950043830637 1.5704001480748164
18.499168004849622 5.6999500359827575 1.5704001480748164
18.499207622720593 5.799950028134879 1.5704001480748164
18.499247240591565 5.899950020287001 1.5704001480748164
18.499286858462536 5.999950012439122 1.5704001480748164
18.499326476333508 6.099950004591243 1.5704001480748164
18.49936609420448 6.1999499967433644 1.5704001480748164
18.49940571207545 6.299949988895484 1.5704001480748164
18.499445329946422 6.399949981047606 1.5704001480748164
18.499484947817397 6.499949973199727 1.5704001480748164
18.49952456568837 6.599949965351847 1.5704001480748164
18.49956418355934 6.699949957503969 1.5704001480748164
18.49960380143031 6.799949949656089 1.5704001480748164
18.499643419301282 6.89994994180821 1.5704001480748164
18.499683037172254 6.99994993396033 1.5704001480748164
18.499722655043225 7.099949926112451 1.5704001480748164
18.499762272914197 7.199949918264573 1.5704001480748164
18.499801890785168 7.299949910416693 1.5704001480748164
18.49984150865614 7.399949902568815 1.5704001480748164
18.49988112652711 7.499949894720935 1.5704001480748164
18.499920744398082 7.599949886873056 1.5704001480748164
18.499960362269054 7.699949879025176 1.5704001480748164
18.499999980140025 7.799949871177297 1.5704001480748164
18.500039598010996 7.899949863329418 1.5704001480748164
18.50007921588197 7.999949855481539 1.5704001480748164
18.500118833752943 8.09994984763366 1.5704001480748164
18.500158451623914 8.19994983978578 1.5704001480748164
18.500198069494886 8.299949831937901 1.5704001480748164
18.500237687365857 8.399949824090022 1.5704001480748164
18.50027730523683 8.499949816242143 1.5704001480748164
18.5003169231078 8.599949808394264 1.5704001480748164
18.50035654097877 8.699949800546385 1.5704001480748164
18.500396158849743 8.799949792698506 1.5704001480748164
18.500435776720714 8.899949784850627 1.5704001480748164
18.500475394591685 8.999949777002747 1.5704001480748164
18.500515012462657 9.099949769154868 1.5704001480748164
18.500554630333628 9.19994976130699 1.5704001480748164
18.5005942482046 9.29994975345911 1.5704001480748164
18.50063386607557 9.39994974561123 1.5704001480748164
18.500673483946546 9.499949737763352 1.5704001480748164
18.500713101817517 9.599949729915473 1.5704001480748164
18.50075271968849 9.699949722067593 1.5704001480748164
18.50079233755946 9.799949714219714 1.5704001480748164
18.50083195543043 9.899949706371835 1.5704001480748164
18.500871573301403 9.999949698523956 1.5704001480748164
18.500911191172374 10.099949690676077 1.5704001480748164
18.500950809043346 10.199949682828198 1.5704001480748164
18.500990426914317 10.299949674980319 1.5704001480748164
18.50103004478529 10.39994966713244 1.5704001480748164
18.50106966265626 10.49994965928456 1.5704001480748164
18.50110928052723 10.599949651436681 1.5704001480748164
18.501148898398203 10.699949643588802 1.5704001480748164
18.501188516269174 10.799949635740923 1.5704001480748164
18.501228134140145 10.899949627893044 1.5704001480748164
18.50126775201112 10.999949620045165 1.5704001480748164
18.501307369882092 11.099949612197285 1.5704001480748164
18.501346987753063 11.199949604349406 1.5704001480748164
18.501386605624035 11.299949596501527 1.5704001480748164
18.501426223495006 11.399949588653648 1.5704001480748164
18.501465841365977 11.499949580805769 1.5704001480748164
18.50150545923695 11.59994957295789 1.5704001480748164
18.50154507710792 11.69994956511001 1.5704001480748164
18.50158469497889 11.799949557262131 1.5704001480748164
18.501624312849863 11.899949549414252 1.5704001480748164
18.501663930720834 11.999949541566373 1.5704001480748164
18.501703548591806 12.099949533718494 1.5704001480748164
18.501743166462777 12.199949525870615 1.5704001480748164
18.50178278433375 12.299949518022736 1.5704001480748164
18.50182240220472 12.399949510174856 1.5704001480748164
18.50186202007569 12.499949502326977 1.5704001480748164
18.501901637946666 12.599949494479098 1.5704001480748164
18.501941255817638 12.699949486631219 1.5704001480748164
18.50198087368861 12.79994947878334 1.5704001480748164
18.50202049155958 12.89994947093546 1.5704001480748164
18.502060109430552 12.999949463087582 1.5704001480748164
18.502099727301523 13.099949455239702 1.5704001480748164
18.502139345172495 13.199949447391823 1.5704001480748164
18.500006927090322 13.299899981939369 1.6398886026074588
18.5 13.3 1.64
18.498635932539024 13.399939258987432 1.5288888888888887
18.50836180431626 13.499413494773227 1.4177777777777776
18.52905766632118 13.597195893306237 1.3066666666666666
18.560468276841114 13.692080505935262 1.1955555555555555
18.602206249352943 13.782897122353168 1.0844444444444443
18.65375683015447 13.868525702780618 0.9733333333333333
18.7107110347181 13.950698215697365 1.006652802512621
18.759380431810392 14.037996588841814 1.117763913623732
18.7980698364022 14.13015322799129 1.228875024734843
18.82630209272742 14.226031566888988 1.3399861358459542
18.84372901285094 14.324449139618679 1.4510972469570653
18.850135670864486 14.424192163936635 1.5622083580681765
18.84544305356419 14.524030510827336 1.6733194691792876
18.829709034919073 14.622732875663598 1.7844305802903988
18.80312766231239 14.71908196386551 1.8955416914015102
18.76602676335855 14.811889503773708 2.0066528025126216
18.71886390281074 14.90001090158345 2.1177639136237323
18.662220739422665 14.98235935760047 2.228875024734844
18.596795852361048 15.057919269723037 2.3399861358459546
18.523396125640712 15.125758758845338 2.451097246957066
18.44292679683779 15.185041161706577 2.562208358068177
18.356380292810172 15.23503534944468 2.6733194691792885
18.264823990114007 15.275124744596061 2.7844305802903992
18.16938705106687 15.304814925334956 2.895541691401511
18.07124649780818 15.323739723169355 3.0066528025126216
17.971612696105247 15.331665738890761 3.117763913623733
17.871714427932954 15.32849522108264 3.228875024734844
17.772783736926627 15.314267271686973 3.3399861358459555
17.67604073360893 15.289157363760676 3.451097246957067
17.582678547787623 15.253475177369383 3.562208358068178
17.49384861370602 15.207660780308483 3.6733194691792894
17.41064646942414 15.152279200754524 3.7844305802904
17.33409824556649 15.088013458782346 3.8955416914015117
17.265148010070643 15.015656142690176 4.0066528025126225
17.204646125013447 14.936099634021678 4.117763913623734
17.153338759110074 14.85032510183961 4.228875024734845
17.111858685227993 14.759390401984536 4.339986135845956
17.08071747641001 14.664417030556805 4.451097246957067
17.06029919665265 14.5665762925243 4.562208358068179
17.05085566425146 14.467074856038273 4.673319469179289
17.052503346130273 14.367139870615643 4.7844305802904
17.065221921456615 14.26800383272496 4.895541691401511
17.08885453225819 14.170889385428502 5.006652802512622
17.123109717949575 14.07699423954628 5.117763913623732
17.167565009910643 13.987476402308939 5.228875024734843
17.221672141784836 13.903439895674358 5.339986135845954
17.284624232348808 13.825797649863418 5.4223169328175596
17.345459067840842 13.746495449656535 5.311205821706449
17.397125529433712 13.660936739325749 5.200094710595338
17.438986415538945 13.570176712984415 5.088983599484227
17.470525456563095 13.47533471248742 4.977872488373117
17.49135368205183 13.377580422607203 4.866761377262006
17.5 13.3 4.78
17.502041542229257 13.200046352217372 4.712010920272085
17.5020037362189 13.100046359363844 4.712010920272085
17.501965930208538 13.000046366510317 4.712010920272085
17.501928124198177 12.900046373656789 4.712010920272085
17.50189031818782 12.800046380803261 4.712010920272085
17.501852512177457 12.700046387949733 4.712010920272085
17.5018147061671 12.600046395096205 4.712010920272085
17.501776900156738 12.500046402242678 4.712010920272085
17.50173909414638 12.40004640938915 4.712010920272085
17.50170128813602 12.300046416535622 4.712010920272085
17.501663482125657 12.200046423682096 4.712010920272085
17.5016256761153 12.100046430828566 4.712010920272085
17.501587870104938 12.000046437975039 4.712010920272085
17.50155006409458 11.900046445121513 4.712010920272085
17.50151225808422 11.800046452267985 4.712010920272085
17.501474452073857 11.700046459414457 4.712010920272085
17.5014366460635 11.60004646656093 4.712010920272085
17.501398840053138 11.500046473707402 4.712010920272085
17.50136103404278 11.400046480853874 4.712010920272085
17.50132322803242 11.300046488000346 4.712010920272085
17.50128542202206 11.200046495146818 4.712010920272085
17.5012476160117 11.10004650229329 4.712010920272085
17.50120981000134 11.000046509439763 4.712010920272085
17.50117200399098 10.900046516586235 4.712010920272085
17.50113419798062 10.800046523732707 4.712010920272085
17.50109639197026 10.70004653087918 4.712010920272085
17.5010585859599 10.600046538025651 4.712010920272085
17.50102077994954 10.500046545172124 4.712010920272085
17.50098297393918 10.400046552318596 4.712010920272085
17.50094516792882 10.300046559465068 4.712010920272085
17.50090736191846 10.20004656661154 4.712010920272085
17.5008695559081 10.100046573758013 4.712010920272085
17.500831749897742 10.000046580904485 4.712010920272085
17.50079394388738 9.900046588050957 4.712010920272085
17.50075613787702 9.80004659519743 4.712010920272085
17.50071833186666 9.700046602343901 4.712010920272085
17.5006805258563 9.600046609490374 4.712010920272085
17.500642719845942 9.500046616636846 4.712010920272085
17.50060491383558 9.400046623783318 4.712010920272085
17.50056710782522 9.300046630929792 4.712010920272085
17.50052930181486 9.200046638076264 4.712010920272085
17.5004914958045 9.100046645222736 4.712010920272085
17.500453689794142 9.00004665236921 4.712010920272085
17.50041588378378 8.90004665951568 4.712010920272085
17.500378077773423 8.800046666662155 4.712010920272085
17.50034027176306 8.700046673808629 4.712010920272085
17.5003024657527 8.6000466809551 4.712010920272085
17.500264659742342 8.500046688101573 4.712010920272085
17.50022685373198 8.400046695248045 4.712010920272085
17.500189047721623 8.300046702394518 4.712010920272085
17.50015124171126 8.200046709540992 4.712010920272085
17.5001134357009 8.100046716687464 4.712010920272085
17.500075629690542 8.000046723833936 4.712010920272085
17.50003782368018 7.900046730980409 4.712010920272085
17.500000017669823 7.800046738126881 4.712010920272085
17.49996221165946 7.7000467452733545 4.712010920272085
17.4999244056491 7.600046752419828 4.712010920272085
17.499886599638742 7.5000467595663 4.712010920272085
17.49984879362838 7.400046766712773 4.712010920272085
17.499810987618023 7.300046773859245 4.712010920272085
17.49977318160766 7.200046781005718 4.712010920272085
17.499735375597304 7.1000467881521905 4.712010920272085
17.499697569586942 7.000046795298664 4.712010920272085
17.49965976357658 6.900046802445137 4.712010920272085
17.499621957566223 6.800046809591609 4.712010920272085
17.49958415155586 6.700046816738081 4.712010920272085
17.499546345545504 6.600046823884554 4.712010920272085
17.499508539535142 6.500046831031026 4.712010920272085
17.49947073352478 6.4000468381775 4.712010920272085
17.499432927514423 6.300046845323973 4.712010920272085
17.49939512150406 6.200046852470445 4.712010920272085
17.499357315493704 6.100046859616918 4.712010920272085
17.499319509483342 6.000046866763389 4.712010920272085
17.499281703472985 5.900046873909862 4.712010920272085
17.499243897462623 5.800046881056335 4.712010920272085
17.499206091452262 5.700046888202807 4.712010920272085
17.499168285441904 5.60004689534928 4.712010920272085
17.499130479431543 5.500046902495754 4.712010920272085
17.499092673421185 5.400046909642226 4.712010920272085
17.499054867410823 5.300046916788699 4.712010920272085
17.499017061400462 5.200046923935172 4.712010920272085
17.498979255390104 5.1000469310816445 4.712010920272085
17.498941449379743 5.000046938228117 4.712010920272085
17.498903643369385 4.900046945374589 4.712010920272085
17.498865837359023 4.800046952521061 4.712010920272085
17.498828031348665 4.700046959667535 4.712010920272085
17.498790225338304 4.600046966814007 4.712010920272085
17.498752419327943 4.50004697396048 4.712010920272085
17.498714613317585 4.400046981106952 4.712010920272085
17.498676807307223 4.300046988253426 4.712010920272085
17.498639001296866 4.200046995399898 4.712010920272085
17.498601195286504 4.100047002546372 4.712010920272085
17.498563389276143 4.000047009692844 4.712010920272085
17.498525583265785 3.9000470168393164 4.712010920272085
17.498487777255423 3.8000470239857886 4.712010920272085
17.498449971245066 3.700047031132261 4.712010920272085
17.498412165234704 3.600047038278735 4.712010920272085
17.498374359224346 3.500047045425207 4.712010920272085
17.498336553213985 3.4000470525716793 4.712010920272085
17.498298747203624 3.3000470597181515 4.712010920272085
17.498260941193266 3.2000470668646237 4.712010920272085
17.498223135182904 3.1000470740110995 4.712010920272085
17.498185329172546 3.0000470811575717 4.712010920272085
17.498147523162185 2.900047088304044 4.712010920272085
17.498109717151824 2.800047095450516 4.712010920272085
17.498071911141466 2.7000471025969883 4.712010920272085
17.498034105131104 2.6000471097434623 4.712010920272085
17.497996299120746 2.5000471168899345 4.712010920272085
17.497958493110385 2.4000471240364067 4.712010920272085
17.49999368963195 2.3000932630179456 4.77989613748838
17.5 2.3 4.78
17.512279221754934 2.200808584645201 4.891111111111111
17.53548132865393 2.103590384690446 5.002222222222223
17.56932016950884 2.009544390535506 5.113333333333333
17.6133784104733 1.919830469820196 5.224444444444445
17.667112682013904 1.835555062796584 5.335555555555556
17.729793419050154 1.757698382032087 5.426747513107957
17.790979011063687 1.6786664929179556 5.315636401996846
17.843024039045446 1.593337534003803 5.2045252908857345
17.88528663255414 1.502763865882689 5.093414179774624
17.917245567745788 1.4080625320567521 4.982303068663512
17.938506695618447 1.3104014824587809 4.871191957552401
17.948807803045163 1.2109851691456313 4.760080846441291
17.94802184664396 1.1110396918115841 4.648969735330179
17.93615851960171 1.0117976763217527 4.5378586242190675
17.913364132128233 0.9144830727583413 4.426747513107957
17.879919807014957 0.8202960604651774 4.315636401996845
17.83623801255235 0.730398246256369 4.2045252908857345
17.782857475565528 0.6458983383392964 4.093414179774623
17.72043653730553 0.5678384726352308 3.982303068663512
17.649745034137908 0.49718136013481007 3.8711919575524005
17.571654803163973 0.43479841379983597 3.76008084644129
17.487128929868714 0.3814590014420942 3.648969735330178
17.397209870403973 0.33782095712327465 3.5378586242190675
17.303006594994507 0.30442246809871976 3.426747513107956
17.205680911027155 0.2816754373631971 3.315636401996845
17.106433134500186 0.26986040365829966 3.2045252908857336
17.006487286546573 0.26912308159293463 3.093414179774623
16.90707599760227 0.27947256454754354 2.9823030686635112
16.809425305396108 0.30078121252559153 2.8711919575523996
16.714739534247407 0.3327862263354715 2.760080846441289
16.624186442154716 0.37509288868844015 2.6489697353301773
16.538882818856376 0.4271794322402016 2.5378586242190666
16.45988071248172 0.4884034745386565 2.426747513107955
16.388154454659492 0.5580099405157075 2.3156364019968443
16.324588644102487 0.6351403748151847 2.2045252908857327
16.26996723686674 0.7188435291080888 2.093414179774622
16.224963877834877 0.8080870938219904 1.9823030686635104
16.19013359266528 0.9017704295973545 1.8711919575523996
16.165905942670122 0.9987381414539687 1.760080846441288
16.15257972704304 1.0977943282574971 1.6489697353301773
16.15031929777378 1.197717331747753 1.5378586242190666
16.159152532697913 1.2972748032291543 1.426747513107956
16.178970491679976 1.3952389021061422 1.3156364019968452
16.209528760170294 1.4904014388202762 1.2045252908857345
16.250450463565432 1.5815887754314264 1.0934141797746237
16.301230915196278 1.6676763000744448 0.982303068663513
16.358349451694703 1.7497409591310267 0.9976830671824404
16.40779992372572 1.8365992746966937 1.108794178293551
16.447314381505336 1.9284051775209552 1.2199052894046618
16.476405493900582 2.0240264269721213 1.3310164005157725
16.494714480719097 2.12228372781371 1.4421275116268832
16.50201553753913 2.2219652744324585 1.553238622737994
16.5 2.3 1.64
16.49786061510756 2.399950294962757 1.5704001480748164
16.49790023297853 2.499950287114878 1.5704001480748164
16.4979398508495 2.5999502792669995 1.5704001480748164
16.497979468720473 2.699950271419121 1.5704001480748164
16.498019086591444 2.799950263571242 1.5704001480748164
16.498058704462416 2.899950255723363 1.5704001480748164
16.498098322333387 2.9999502478754843 1.5704001480748164
16.49813794020436 3.0999502400276056 1.5704001480748164
16.49817755807533 3.1999502321797264 1.5704001480748164
16.4982171759463 3.2999502243318477 1.5704001480748164
16.498256793817276 3.399950216483969 1.5704001480748164
16.498296411688248 3.4999502086360903 1.5704001480748164
16.49833602955922 3.5999502007882116 1.5704001480748164
16.49837564743019 3.6999501929403324 1.5704001480748164
16.498415265301162 3.799950185092454 1.5704001480748164
16.498454883172133 3.899950177244575 1.5704001480748164
16.498494501043105 3.999950169396697 1.5704001480748164
16.498534118914076 4.099950161548818 1.5704001480748164
16.498573736785048 4.199950153700939 1.5704001480748164
16.49861335465602 4.29995014585306 1.5704001480748164
16.49865297252699 4.399950138005181 1.5704001480748164
16.49869259039796 4.499950130157303 1.5704001480748164
16.498732208268933 4.599950122309425 1.5704001480748164
16.498771826139905 4.699950114461545 1.5704001480748164
16.498811444010876 4.799950106613666 1.5704001480748164
16.498851061881847 4.899950098765788 1.5704001480748164
16.498890679752822 4.999950090917909 1.5704001480748164
16.498930297623794 5.099950083070031 1.5704001480748164
16.498969915494765 5.1999500752221515 1.5704001480748164
16.499009533365737 5.299950067374273 1.5704001480748164
16.499049151236708 5.399950059526395 1.5704001480748164
16.49908876910768 5.499950051678516 1.5704001480748164
16.49912838697865 5.599950043830637 1.5704001480748164
16.499168004849622 5.6999500359827575 1.5704001480748164
16.499207622720593 5.799950028134879 1.5704001480748164
16.499247240591565 5.899950020287001 1.5704001480748164
16.499286858462536 5.999950012439122 1.5704001480748164
16.499326476333508 6.099950004591243 1.5704001480748164
16.49936609420448 6.1999499967433644 1.5704001480748164
16.49940571207545 6.299949988895484 1.5704001480748164
16.499445329946422 6.399949981047606 1.5704001480748164
16.499484947817397 6.499949973199727 1.5704001480748164
16.49952456568837 6.599949965351847 1.5704001480748164
16.49956418355934 6.699949957503969 1.5704001480748164
16.49960380143031 6.799949949656089 1.5704001480748164
16.499643419301282 6.89994994180821 1.5704001480748164
16.499683037172254 6.99994993396033 1.5704001480748164
16.499722655043225 7.099949926112451 1.5704001480748164
16.499762272914197 7.199949918264573 1.5704001480748164
16.499801890785168 7.299949910416693 1.5704001480748164
16.49984150865614 7.399949902568815 1.5704001480748164
16.49988112652711 7.499949894720935 1.5704001480748164
16.499920744398082 7.599949886873056 1.5704001480748164
16.499960362269054 7.699949879025176 1.5704001480748164
16.499999980140025 7.799949871177297 1.5704001480748164
16.500039598010996 7.899949863329418 1.5704001480748164
16.50007921588197 7.999949855481539 1.5704001480748164
16.500118833752943 8.09994984763366 1.5704001480748164
16.500158451623914 8.19994983978578 1.5704001480748164
16.500198069494886 8.299949831937901 1.5704001480748164
16.500237687365857 8.399949824090022 1.5704001480748164
16.50027730523683 8.499949816242143 1.5704001480748164
16.5003169231078 8.599949808394264 1.5704001480748164
16.50035654097877 8.699949800546385 1.5704001480748164
16.500396158849743 8.799949792698506 1.5704001480748164
16.500435776720714 8.899949784850627 1.5704001480748164
16.500475394591685 8.999949777002747 1.5704001480748164
16.500515012462657 9.099949769154868 1.5704001480748164
16.500554630333628 9.19994976130699 1.5704001480748164
16.5005942482046 9.29994975345911 1.5704001480748164
16.50063386607557 9.39994974561123 1.5704001480748164
16.500673483946546 9.499949737763352 1.5704001480748164
16.500713101817517 9.599949729915473 1.5704001480748164
16.50075271968849 9.699949722067593 1.5704001480748164
16.50079233755946 9.799949714219714 1.5704001480748164
16.50083195543043 9.899949706371835 1.5704001480748164
16.500871573301403 9.999949698523956 1.5704001480748164
16.500911191172374 10.099949690676077 1.5704001480748164
16.500950809043346 10.199949682828198 1.5704001480748164
16.500990426914317 10.299949674980319 1.5704001480748164
16.50103004478529 10.39994966713244 1.5704001480748164
16.50106966265626 10.49994965928456 1.5704001480748164
16.50110928052723 10.599949651436681 1.5704001480748164
16.501148898398203 10.699949643588802 1.5704001480748164
16.501188516269174 10.799949635740923 1.5704001480748164
16.501228134140145 10.899949627893044 1.5704001480748164
16.50126775201112 10.999949620045165 1.5704001480748164
16.501307369882092 11.099949612197285 1.5704001480748164
16.501346987753063 11.199949604349406 1.5704001480748164
16.501386605624035 11.299949596501527 1.5704001480748164
16.501426223495006 11.399949588653648 1.5704001480748164
16.501465841365977 11.499949580805769 1.5704001480748164
16.50150545923695 11.59994957295789 1.5704001480748164
16.50154507710792 11.69994956511001 1.5704001480748164
16.50158469497889 11.799949557262131 1.5704001480748164
16.501624312849863 11.899949549414252 1.5704001480748164
16.501663930720834 11.999949541566373 1.5704001480748164
16.501703548591806 12.099949533718494 1.5704001480748164
16.501743166462777 12.199949525870615 1.5704001480748164
16.50178278433375 12.299949518022736 1.5704001480748164
16.50182240220472 12.399949510174856 1.5704001480748164
16.50186202007569 12.499949502326977 1.5704001480748164
16.501901637946666 12.599949494479098 1.5704001480748164
16.501941255817638 12.699949486631219 1.5704001480748164
16.50198087368861 12.79994947878334 1.5704001480748164
16.50202049155958 12.89994947093546 1.5704001480748164
16.502060109430552 12.999949463087582 1.5704001480748164
16.502099727301523 13.099949455239702 1.5704001480748164
16.502139345172495 13.199949447391823 1.5704001480748164
16.500006927090322 13.299899981939369 1.6398886026074588
16.5 13.3 1.64
16.498635932539024 13.399939258987432 1.5288888888888887
16.50836180431626 13.499413494773227 1.4177777777777776
16.52905766632118 13.597195893306237 1.3066666666666666
16.560468276841114 13.692080505935262 1.1955555555555555
16.602206249352943 13.782897122353168 1.0844444444444443
16.65375683015447 13.868525702780618 0.9733333333333333
16.7107110347181 13.950698215697365 1.006652802512621
16.759380431810392 14.037996588841814 1.117763913623732
16.7980698364022 14.13015322799129 1.228875024734843
16.82630209272742 14.226031566888988 1.3399861358459542
16.84372901285094 14.324449139618679 1.4510972469570653
16.850135670864486 14.424192163936635 1.5622083580681765
16.84544305356419 14.524030510827336 1.6733194691792876
16.829709034919073 14.622732875663598 1.7844305802903988
16.80312766231239 14.71908196386551 1.8955416914015102
16.76602676335855 14.811889503773708 2.0066528025126216
16.71886390281074 14.90001090158345 2.1177639136237323
16.662220739422665 14.98235935760047 2.228875024734844
16.596795852361048 15.057919269723037 2.3399861358459546
16.523396125640712 15.125758758845338 2.451097246957066
16.44292679683779 15.185041161706577 2.562208358068177
16.356380292810172 15.23503534944468 2.6733194691792885
16.264823990114007 15.275124744596061 2.7844305802903992
16.16938705106687 15.304814925334956 2.895541691401511
16.07124649780818 15.323739723169355 3.0066528025126216
15.971612696105247 15.331665738890761 3.117763913623733
15.871714427932954 15.32849522108264 3.228875024734844
15.772783736926627 15.314267271686973 3.3399861358459555
15.676040733608929 15.289157363760676 3.451097246957067
15.582678547787623 15.253475177369383 3.562208358068178
15.493848613706023 15.207660780308483 3.6733194691792894
15.410646469424139 15.152279200754524 3.7844305802904
15.33409824556649 15.088013458782346 3.8955416914015117
15.265148010070643 15.015656142690176 4.0066528025126225
15.204646125013445 14.936099634021678 4.117763913623734
15.153338759110072 14.85032510183961 4.228875024734845
15.111858685227993 14.759390401984536 4.339986135845956
15.08071747641001 14.664417030556805 4.451097246957067
15.060299196652648 14.5665762925243 4.562208358068179
15.05085566425146 14.467074856038273 4.673319469179289
15.052503346130273 14.367139870615643 4.7844305802904
15.065221921456615 14.26800383272496 4.895541691401511
15.088854532258189 14.170889385428502 5.006652802512622
15.123109717949575 14.07699423954628 5.117763913623732
15.167565009910643 13.987476402308939 5.228875024734843
15.221672141784834 13.903439895674358 5.339986135845954
15.28462423234881 13.825797649863418 5.4223169328175596
15.34545906784084 13.746495449656535 5.311205821706449
15.397125529433712 13.660936739325749 5.200094710595338
15.438986415538945 13.570176712984415 5.088983599484227
15.470525456563095 13.47533471248742 4.977872488373117
15.491353682051832 13.377580422607203 4.866761377262006
15.5 13.3 4.78
15.502041542229257 13.200046352217372 4.712010920272085
15.502003736218898 13.100046359363844 4.712010920272085
15.501965930208538 13.000046366510317 4.712010920272085
15.501928124198178 12.900046373656789 4.712010920272085
15.501890318187819 12.800046380803261 4.712010920272085
15.501852512177459 12.700046387949733 4.712010920272085
15.501814706167098 12.600046395096205 4.712010920272085
15.501776900156738 12.500046402242678 4.712010920272085
15.501739094146378 12.40004640938915 4.712010920272085
15.501701288136019 12.300046416535622 4.712010920272085
15.50166348212566 12.200046423682096 4.712010920272085
15.5016256761153 12.100046430828566 4.712010920272085
15.501587870104938 12.000046437975039 4.712010920272085
15.501550064094578 11.900046445121513 4.712010920272085
15.501512258084219 11.800046452267985 4.712010920272085
15.50147445207386 11.700046459414457 4.712010920272085
15.5014366460635 11.60004646656093 4.712010920272085
15.50139884005314 11.500046473707402 4.712010920272085
15.501361034042779 11.400046480853874 4.712010920272085
15.501323228032419 11.300046488000346 4.712010920272085
15.50128542202206 11.200046495146818 4.712010920272085
15.5012476160117 11.10004650229329 4.712010920272085
15.50120981000134 11.000046509439763 4.712010920272085
15.50117200399098 10.900046516586235 4.712010920272085
15.501134197980619 10.800046523732707 4.712010920272085
15.50109639197026 10.70004653087918 4.712010920272085
15.5010585859599 10.600046538025651 4.712010920272085
15.50102077994954 10.500046545172124 4.712010920272085
15.50098297393918 10.400046552318596 4.712010920272085
15.50094516792882 10.300046559465068 4.712010920272085
15.50090736191846 10.20004656661154 4.712010920272085
15.5008695559081 10.100046573758013 4.712010920272085
15.50083174989774 10.000046580904485 4.712010920272085
15.50079394388738 9.900046588050957 4.712010920272085
15.500756137877021 9.80004659519743 4.712010920272085
15.500718331866661 9.700046602343901 4.712010920272085
15.5006805258563 9.600046609490374 4.712010920272085
15.50064271984594 9.500046616636846 4.712010920272085
15.50060491383558 9.400046623783318 4.712010920272085
15.500567107825221 9.300046630929792 4.712010920272085
15.500529301814861 9.200046638076264 4.712010920272085
15.500491495804502 9.100046645222736 4.712010920272085
15.50045368979414 9.00004665236921 4.712010920272085
15.50041588378378 8.90004665951568 4.712010920272085
15.500378077773421 8.800046666662155 4.712010920272085
15.500340271763061 8.700046673808629 4.712010920272085
15.500302465752702 8.6000466809551 4.712010920272085
15.500264659742342 8.500046688101573 4.712010920272085
15.50022685373198 8.400046695248045 4.712010920272085
15.500189047721621 8.300046702394518 4.712010920272085
15.500151241711261 8.200046709540992 4.712010920272085
15.500113435700902 8.100046716687464 4.712010920272085
15.500075629690542 8.000046723833936 4.712010920272085
15.50003782368018 7.900046730980409 4.712010920272085
15.500000017669821 7.800046738126881 4.712010920272085
15.499962211659462 7.7000467452733545 4.712010920272085
15.499924405649102 7.600046752419828 4.712010920272085
15.499886599638742 7.5000467595663 4.712010920272085
15.499848793628383 7.400046766712773 4.712010920272085
15.499810987618021 7.300046773859245 4.712010920272085
15.499773181607662 7.200046781005718 4.712010920272085
15.499735375597302 7.1000467881521905 4.712010920272085
15.499697569586942 7.000046795298664 4.712010920272085
15.499659763576583 6.900046802445137 4.712010920272085
15.499621957566223 6.800046809591609 4.712010920272085
15.499584151555862 6.700046816738081 4.712010920272085
15.499546345545502 6.600046823884554 4.712010920272085
15.499508539535142 6.500046831031026 4.712010920272085
15.499470733524783 6.4000468381775 4.712010920272085
15.499432927514423 6.300046845323973 4.712010920272085
15.499395121504064 6.200046852470445 4.712010920272085
15.499357315493702 6.100046859616918 4.712010920272085
15.499319509483342 6.000046866763389 4.712010920272085
15.499281703472983 5.900046873909862 4.712010920272085
15.499243897462623 5.800046881056335 4.712010920272085
15.499206091452264 5.700046888202807 4.712010920272085
15.499168285441904 5.60004689534928 4.712010920272085
15.499130479431543 5.500046902495754 4.712010920272085
15.499092673421183 5.400046909642226 4.712010920272085
15.499054867410823 5.300046916788699 4.712010920272085
15.499017061400464 5.200046923935172 4.712010920272085
15.498979255390104 5.1000469310816445 4.712010920272085
15.498941449379744 5.000046938228117 4.712010920272085
15.498903643369383 4.900046945374589 4.712010920272085
15.498865837359023 4.800046952521061 4.712010920272085
15.498828031348664 4.700046959667535 4.712010920272085
15.498790225338304 4.600046966814007 4.712010920272085
15.498752419327944 4.50004697396048 4.712010920272085
15.498714613317585 4.400046981106952 4.712010920272085
15.498676807307223 4.300046988253426 4.712010920272085
15.498639001296864 4.200046995399898 4.712010920272085
15.498601195286504 4.100047002546372 4.712010920272085
15.498563389276145 4.000047009692844 4.712010920272085
15.498525583265785 3.9000470168393164 4.712010920272085
15.498487777255425 3.8000470239857886 4.712010920272085
15.498449971245064 3.700047031132261 4.712010920272085
15.498412165234704 3.600047038278735 4.712010920272085
15.498374359224345 3.500047045425207 4.712010920272085
15.498336553213985 3.4000470525716793 4.712010920272085
15.498298747203625 3.3000470597181515 4.712010920272085
15.498260941193266 3.2000470668646237 4.712010920272085
15.498223135182904 3.1000470740110995 4.712010920272085
15.498185329172545 3.0000470811575717 4.712010920272085
15.498147523162185 2.900047088304044 4.712010920272085
15.498109717151825 2.800047095450516 4.712010920272085
15.498071911141466 2.7000471025969883 4.712010920272085
15.498034105131106 2.6000471097434623 4.712010920272085
15.497996299120745 2.5000471168899345 4.712010920272085
15.497958493110385 2.4000471240364067 4.712010920272085
15.499993689631948 2.3000932630179456 4.77989613748838
